Time	wtime	pss	rss	swap	vmem	rchar	read_bytes	wchar	write_bytes	rx_bytes	rx_packets	tx_bytes	tx_packets	stime	utime	nprocs	nthreads
1771614069	0	1899	23380	0	1034496	6593	0	55	0	86	1	98	1	0	10	8	128
1771614071	3	1892	23380	0	1034496	6593	0	55	0	603360	482	11162	44	0	41	8	128
1771614073	5	1892	23380	0	1034496	6593	0	55	0	603626	485	11454	47	0	72	8	128
1771614075	7	1892	23380	0	1034496	6593	0	55	0	1063511	597	474058	158	0	104	8	128
1771614077	9	1892	23380	0	1034496	6593	0	55	0	1350813	824	478481	171	0	136	8	128
1771614079	11	1892	23380	0	1034496	6593	0	55	0	1352854	841	483269	188	0	167	8	128
1771614081	13	1892	23380	0	1034496	6593	0	55	0	1353152	845	483591	192	0	194	8	128
1771614083	15	1892	23380	0	1034496	6593	0	55	0	1674456	1096	487883	204	0	226	8	128
1771614085	17	1892	23380	0	1034496	6593	0	55	0	1797981	1113	614512	223	0	256	8	128
1771614087	19	1892	23380	0	1034496	6593	0	55	0	2181293	1450	635611	293	0	288	8	128
1771614089	21	1892	23380	0	1034496	6593	0	55	0	2566567	1487	1020345	325	0	316	8	128
1771614091	23	1892	23380	0	1034496	6593	0	55	0	2574800	1517	1031141	350	0	348	8	128
1771614093	25	1892	23380	0	1034496	6593	0	55	0	2945572	1811	1040052	376	0	379	8	128
1771614095	27	1892	23380	0	1034496	6593	0	55	0	2945870	1815	1040374	380	0	408	8	128
1771614097	29	1892	23380	0	1034496	6593	0	55	0	3203313	1980	1112088	409	0	439	8	128
1771614099	31	1892	23380	0	1034496	6593	0	55	0	3206728	2010	1118590	440	0	471	8	128
1771614101	33	1892	23380	0	1034496	6593	0	55	0	3590997	2047	1505915	479	0	502	8	128
1771614103	35	1892	23380	0	1034496	6593	0	55	0	3972549	2352	1517784	511	0	534	8	128
1771614105	37	1892	23380	0	1034496	6593	0	55	0	3973631	2362	1521981	523	0	562	8	128
1771614107	39	1892	23380	0	1034496	6593	0	55	0	3973928	2365	1522330	526	0	595	8	128
1771614109	41	1892	23380	0	1034496	6593	0	55	0	4180780	2515	1564318	554	0	626	8	128
1771614111	43	1892	23380	0	1034496	6593	0	55	0	4183527	2530	1568596	572	0	657	8	128
1771614113	45	1892	23380	0	1034496	6593	0	55	0	4590032	2861	1582939	612	0	686	8	128
1771614115	47	1892	23380	0	1034496	6593	0	55	0	4599879	2900	1591123	643	0	717	8	128
1771614117	49	1892	23380	0	1034496	6593	0	55	0	4992221	3085	1986124	828	0	749	8	128
1771614119	51	1892	23380	0	1034496	6593	0	55	0	5184144	3239	1990488	842	0	781	8	128
1771614121	52	1892	23380	0	1034496	6593	0	55	0	5191094	3257	1999778	856	0	809	8	128
1771614123	55	1892	23380	0	1034496	6593	0	55	0	5251223	3268	2059909	867	0	841	8	128
1771614125	57	1892	23380	0	1034496	6593	0	55	0	5667644	3595	2065227	888	0	873	8	128
1771614127	59	1892	23380	0	1034496	6593	0	55	0	6055147	3679	2452826	972	0	905	8	128
1771614129	61	1892	23380	0	1034496	6593	0	55	0	6056416	3689	2456874	982	0	937	8	128
1771614131	63	1892	23380	0	1034496	6593	0	55	0	6305833	3901	2469542	1013	0	966	8	128
1771614133	65	1892	23380	0	1034496	6593	0	55	0	6306372	3908	2469930	1018	0	998	8	128
1771614135	67	1892	23380	0	1034496	6593	0	55	0	6306544	3910	2470126	1020	0	1030	8	128
1771614137	69	1892	23380	0	1034496	6593	0	55	0	6366176	3931	2529849	1040	0	1061	8	128
1771614139	71	1892	23380	0	1034496	6593	0	55	0	6366995	3939	2532683	1047	0	1092	8	128
1771614141	72	1892	23380	0	1034496	6593	0	55	0	6369937	3947	2536465	1058	0	1121	8	128
1771614143	75	1892	23380	0	1034496	6593	0	55	0	6369997	3948	2536527	1059	0	1152	8	128
1771614145	77	1892	23380	0	1034496	6593	0	55	0	6370353	3951	2537136	1063	0	1184	8	128
1771614147	79	1892	23380	0	1034496	6593	0	55	0	6756788	4006	2928024	1123	0	1217	8	128
1771614149	81	1892	23380	0	1034496	6593	0	55	0	6757130	4011	2928342	1127	0	1249	8	128
1771614151	83	1892	23380	0	1034496	6593	0	55	0	6763941	4030	2934710	1142	0	1278	8	128
1771614153	85	1892	23380	0	1034496	6593	0	55	0	6764127	4033	2934898	1145	0	1310	8	128
1771614155	87	1892	23380	0	1034496	6593	0	55	0	6764393	4036	2935205	1148	0	1341	8	128
1771614157	89	1892	23380	0	1034496	6593	0	55	0	6801651	4048	2972366	1160	0	1373	8	128
1771614159	91	1892	23380	0	1034496	6593	0	55	0	6801863	4051	2972612	1163	0	1401	8	128
1771614161	93	1892	23380	0	1034496	6593	0	55	0	6802232	4055	2976272	1170	0	1433	8	128
1771614163	95	1892	23380	0	1034496	6593	0	55	0	7188878	4112	3365554	1228	0	1466	8	128
1771614165	97	1892	23380	0	1034496	6593	0	55	0	7189405	4118	3366231	1235	0	1498	8	128
1771614167	99	1892	23380	0	1034496	6593	0	55	0	7189491	4119	3366329	1236	0	1526	8	128
1771614169	101	1892	23380	0	1034496	6593	0	55	0	7189763	4123	3366615	1240	0	1559	8	128
1771614171	103	1892	23380	0	1034496	6593	0	55	0	7191872	4137	3371403	1252	0	1590	8	128
1771614173	105	1892	23380	0	1034496	6593	0	55	0	7259023	4152	3438507	1266	0	1621	8	128
1771614175	106	1892	23380	0	1034496	6593	0	55	0	7259273	4155	3438809	1269	0	1650	8	128
1771614177	109	1892	23380	0	1034496	6593	0	55	0	7645594	4210	3828167	1327	0	1682	8	128
1771614179	111	1892	23380	0	1034496	6593	0	55	0	7646070	4215	3828579	1332	0	1714	8	128
1771614181	113	1892	23380	0	1034496	6593	0	55	0	7646314	4218	3832915	1339	0	1746	8	128
1771614183	115	1892	23380	0	1034496	6593	0	55	0	7653876	4241	3841568	1362	0	1778	8	128
1771614185	117	1892	23380	0	1034496	6593	0	55	0	7659241	4259	3846325	1382	0	1807	8	128
1771614187	119	1892	23380	0	1034496	6593	0	55	0	7746375	4278	3933348	1400	0	1838	8	128
1771614189	121	1892	23380	0	1034496	6593	0	55	0	7746521	4280	3933834	1403	0	1870	8	128
1771614191	123	1892	23380	0	1034496	6593	0	55	0	8077967	4326	4265184	1448	0	1902	8	128
1771614193	125	1892	23380	0	1034496	6593	0	55	0	8133603	4345	4324040	1470	0	1931	8	128
1771614195	127	1892	23380	0	1034496	6593	0	55	0	8133749	4347	4324200	1472	0	1963	8	128
1771614197	129	1892	23380	0	1034496	6593	0	55	0	8134047	4351	4324522	1476	0	1995	8	128
1771614199	131	1892	23380	0	1034496	6593	0	55	0	8134572	4356	4324951	1481	0	2026	8	128
1771614201	133	1892	23380	0	1034496	6593	0	55	0	8193491	4367	4383922	1492	0	2057	8	128
1771614203	135	1892	23380	0	1034496	6593	0	55	0	8193491	4367	4384008	1493	0	2086	8	128
1771614205	137	1892	23380	0	1034496	6593	0	55	0	8196144	4392	4386715	1518	0	2118	8	128
1771614207	139	1892	23380	0	1034496	6593	0	55	0	8581172	4428	4774740	1557	0	2150	8	128
1771614209	141	1908	23380	0	1034496	6593	0	55	0	8581404	4431	4774998	1560	0	2183	8	128
1771614211	142	1908	23380	0	1034496	6593	0	55	0	8583645	4445	4779843	1572	0	2211	8	128
1771614213	145	1908	23380	0	1034496	6593	0	55	0	8590325	4463	4786222	1587	0	2243	8	128
1771614215	147	1908	23380	0	1034496	6593	0	55	0	8590557	4466	4786480	1590	0	2275	8	128
1771614217	149	1908	23380	0	1034496	6593	0	55	0	8752429	4486	4948825	1612	0	2306	8	128
1771614219	151	1908	23380	0	1034496	6593	0	55	0	8752799	4489	4949099	1615	0	2335	8	128
1771614221	153	1908	23380	0	1034496	6593	0	55	0	9195904	4576	5392437	1703	0	2366	8	128
1771614223	155	1908	23380	0	1034496	6593	0	55	0	9197428	4585	5399735	1717	0	2398	8	128
1771614225	157	1908	23380	0	1034496	6593	0	55	0	9204505	4606	5406882	1735	0	2430	8	128
1771614227	159	1908	23380	0	1034496	6593	0	55	0	9204717	4609	5407106	1738	0	2461	8	128
1771614229	161	1908	23380	0	1034496	6593	0	55	0	9258769	4622	5461359	1752	1	2492	8	128
1771614231	163	1908	23380	0	1034496	6593	0	55	0	9259001	4625	5461617	1755	1	2520	8	128
1771614233	165	1908	23380	0	1034496	6593	0	55	0	9261685	4650	5464377	1781	1	2552	8	128
1771614235	167	1908	23380	0	1034496	6593	0	55	0	9652450	4713	5854727	1839	1	2584	8	128
1771614237	169	1908	23380	0	1034496	6593	0	55	0	9652716	4716	5858285	1845	1	2615	8	128
1771614239	171	1908	23380	0	1034496	6593	0	55	0	9654043	4724	5859229	1853	1	2645	8	128
1771614241	173	1908	23380	0	1034496	6593	0	55	0	9654401	4729	5859613	1858	1	2677	8	128
1771614243	175	1908	23380	0	1034496	6593	0	55	0	9735170	4815	5873228	1905	1	2709	8	128
1771614245	177	1908	23380	0	1034496	6593	0	55	0	9800181	4828	5938265	1918	1	2740	8	128
1771614247	179	1908	23380	0	1034496	6593	0	55	0	9835403	4911	5952446	1998	1	2769	8	128
1771614249	181	1908	23380	0	1034496	6593	0	55	0	9835567	4913	5953026	2004	1	2801	8	128
1771614251	183	1908	23380	0	1034496	6593	0	55	0	9841060	4951	5963173	2044	1	2833	8	128
1771614253	184	1908	23380	0	1034496	6593	0	55	0	10225508	4991	6350708	2087	1	2862	8	128
1771614255	187	1908	23380	0	1034496	6593	0	55	0	10225834	4995	6351265	2093	1	2894	8	128
1771614257	189	1908	23380	0	1034496	6593	0	55	0	10227826	5011	6355815	2106	1	2926	8	128
1771614259	191	1908	23380	0	1034496	6593	0	55	0	10286186	5080	6374186	2130	1	2958	8	128
1771614261	193	1908	23380	0	1034496	6593	0	55	0	10439493	5281	6415677	2217	1	2987	8	128
1771614263	195	1908	23380	0	1034496	6593	0	55	0	10558830	5352	6483609	2245	1	3018	8	128
1771614265	197	1908	23380	0	1034496	6593	0	55	0	10559062	5355	6483867	2248	1	3050	8	128
1771614267	199	1908	23380	0	1034496	6593	0	55	0	12639394	6720	6883970	2373	1	3082	8	128
1771614269	200	1908	23380	0	1034496	6593	0	55	0	13381389	7309	6898511	2416	1	3111	8	128
1771614271	203	1908	23380	0	1034496	6593	0	55	0	13382687	7317	6899855	2424	1	3143	8	128
1771614273	205	1908	23380	0	1034496	6593	0	55	0	13389222	7334	6905736	2435	1	3174	8	128
1771614275	207	1908	23380	0	1034496	6593	0	55	0	13390340	7347	6906921	2448	1	3206	8	128
1771614277	209	1908	23380	0	1034496	6593	0	55	0	13390426	7348	6907019	2449	1	3234	8	128
1771614279	211	1908	23380	0	1034496	6593	0	55	0	15773714	9198	6998811	2591	1	3266	8	128
1771614281	213	1908	23380	0	1034496	6593	0	55	0	15775532	9214	7006485	2605	1	3297	8	128
1771614283	215	1908	23380	0	1034496	6593	0	55	0	17269685	10134	7407773	2716	1	3329	8	128
1771614285	217	1908	23380	0	1034496	6593	0	55	0	17605587	10398	7414459	2738	1	3358	8	128
1771614287	219	1908	23380	0	1034496	6593	0	55	0	17607596	10406	7422382	2747	1	3390	8	128
1771614289	221	1908	23380	0	1034496	6593	0	55	0	18664383	11252	7443023	2813	1	3422	8	128
1771614291	223	1908	23380	0	1034496	6593	0	55	0	18664701	11256	7443614	2818	1	3454	8	128
1771614293	225	1908	23380	0	1034496	6593	0	55	0	18664767	11257	7443614	2818	1	3483	8	128
1771614295	227	1908	23380	0	1034496	6593	0	55	0	18715926	11276	7496429	2839	1	3514	8	128
1771614297	229	1908	23380	0	1034496	6593	0	55	0	20043549	12308	7508949	2895	1	3545	8	128
1771614299	231	1908	23380	0	1034496	6593	0	55	0	20711080	12835	7521604	2927	1	3575	8	128
1771614301	233	1908	23380	0	1034496	6593	0	55	0	20711760	12840	7522092	2932	1	3606	8	128
1771614303	235	1908	23380	0	1034496	6593	0	55	0	21776848	13679	7539322	2991	1	3639	8	128
1771614305	237	1908	23380	0	1034496	6593	0	55	0	22091907	13945	7543468	3028	1	3668	8	128
1771614307	239	1908	23380	0	1034496	6593	0	55	0	22475396	13977	7926927	3059	1	3700	8	128
1771614309	241	1908	23380	0	1034496	6593	0	55	0	23653123	14893	7938758	3109	1	3732	8	128
1771614311	243	1908	23380	0	1034496	6593	0	55	0	23653481	14898	7939142	3114	1	3764	8	128
1771614313	245	1908	23380	0	1034496	6593	0	55	0	23653712	14901	7939424	3117	1	3793	8	128
1771614315	247	1908	23380	0	1034496	6593	0	55	0	24427531	15515	7953507	3163	1	3825	8	128
1771614317	249	1908	23380	0	1034496	6593	0	55	0	24479656	15537	8008299	3181	1	3857	8	128
1771614319	251	1908	23380	0	1034496	6593	0	55	0	24479742	15538	8008397	3182	1	3888	8	128
1771614321	253	1908	23380	0	1034496	6593	0	55	0	24483271	15570	8012141	3215	1	3917	8	128
1771614323	255	1908	23380	0	1034496	6593	0	55	0	26178496	16617	8455999	3330	1	3950	8	128
1771614325	257	1908	23380	0	1034496	6593	0	55	0	26178806	16621	8456363	3334	1	3982	8	128
1771614327	259	1908	23380	0	1034496	6593	0	55	0	27393225	17567	8468271	3383	1	4014	8	128
1771614329	261	1908	23380	0	1034496	6593	0	55	0	27393539	17571	8471846	3390	1	4042	8	128
1771614331	263	1908	23380	0	1034496	6593	0	55	0	27395557	17582	8479022	3405	1	4074	8	128
1771614333	265	1908	23380	0	1034496	6593	0	55	0	28566944	18433	8628794	3496	1	4105	8	128
1771614335	267	1908	23380	0	1034496	6593	0	55	0	28573440	18449	8634877	3508	1	4137	8	128
1771614337	269	1908	23380	0	1034496	6593	0	55	0	28573526	18450	8634975	3509	1	4166	8	128
1771614339	271	1908	23380	0	1034496	6593	0	55	0	29682227	19316	8646765	3560	1	4198	8	128
1771614341	273	1908	23380	0	1034496	6593	0	55	0	29682909	19321	8647139	3564	1	4230	8	128
1771614343	274	1908	23380	0	1034496	6593	0	55	0	29684003	19330	8651043	3574	1	4259	8	128
1771614345	277	1908	23380	0	1034496	6593	0	55	0	31058860	20423	8669421	3657	1	4290	8	128
1771614347	279	1908	23380	0	1034496	6593	0	55	0	31444004	20460	9054569	3694	1	4322	8	128
1771614349	281	1908	23380	0	1034496	6593	0	55	0	31444168	20462	9054773	3696	1	4354	8	128
1771614351	283	1908	23380	0	1034496	6593	0	55	0	31445212	20473	9055808	3707	1	4385	8	128
1771614353	285	1908	23380	0	1034496	6593	0	55	0	32192614	21059	9069328	3745	1	4414	8	128
1771614355	287	1908	23380	0	1034496	6593	0	55	0	32241277	21073	9118045	3759	1	4444	8	128
1771614357	289	1908	23380	0	1034496	6593	0	55	0	32248213	21092	9127967	3772	1	4475	8	128
1771614359	291	1908	23380	0	1034496	6593	0	55	0	33310919	21653	9539040	3850	1	4507	8	128
1771614361	293	1908	23380	0	1034496	6593	0	55	0	33345459	21717	9576451	3916	1	4539	8	128
1771614363	295	1908	23380	0	1034496	6593	0	55	0	33345670	21719	9576808	3919	1	4571	8	128
1771614365	297	1908	23380	0	1034496	6593	0	55	0	34000747	22236	9586754	3954	1	4599	8	128
1771614367	299	1908	23380	0	1034496	6593	0	55	0	34007152	22251	9592456	3962	1	4631	8	128
1771614369	301	1908	23380	0	1034496	6593	0	55	0	34442299	22592	9600302	3982	1	4664	8	128
1771614371	303	1908	23380	0	1034496	6593	0	55	0	34506443	22628	9662340	4016	1	4695	8	128
1771614373	305	1908	23380	0	1034496	6593	0	55	0	34506631	22630	9662560	4018	1	4724	8	128
1771614375	307	1908	23380	0	1034496	6593	0	55	0	34912283	22974	9673898	4067	1	4755	8	128
1771614377	309	1908	23380	0	1034496	6593	0	55	0	35295898	23006	10057719	4100	1	4786	8	128
1771614379	311	1908	23380	0	1034496	6593	0	55	0	35780887	23390	10064140	4129	1	4817	8	128
1771614381	313	1908	23380	0	1034496	6593	0	55	0	35813665	23416	10100314	4157	1	4849	8	128
1771614383	315	1908	23380	0	1034496	6593	0	55	0	35814283	23422	10102978	4162	1	4878	8	128
1771614385	317	1908	23380	0	1034496	6593	0	55	0	36194523	23476	10483136	4215	1	4910	8	128
1771614387	319	1908	23380	0	1034496	6593	0	55	0	36194817	23480	10483486	4219	1	4943	8	128
1771614389	321	1908	23380	0	1034496	6593	0	55	0	36632566	23823	10488930	4239	1	4971	8	128
1771614391	323	1908	23380	0	1034496	6593	0	55	0	36634684	23837	10493882	4254	1	5003	8	128
1771614393	325	1908	23380	0	1034496	6593	0	55	0	36634770	23838	10493980	4255	1	5035	8	128
1771614395	327	1908	23380	0	1034496	6593	0	55	0	36705045	23853	10564281	4270	1	5067	8	128
1771614397	328	1908	23380	0	1034496	6593	0	55	0	36713017	23880	10574643	4291	1	5094	8	128
1771614399	331	1908	23380	0	1034496	6593	0	55	0	36713112	23881	10574754	4292	1	5126	8	128
1771614401	333	1908	23380	0	1034496	6593	0	55	0	37101467	23983	10963135	4394	1	5159	8	128
1771614403	335	1908	23380	0	1034496	6593	0	55	0	37102625	23991	10966942	4403	1	5190	8	128
1771614405	337	1908	23380	0	1034496	6593	0	55	0	37103368	23996	10970674	4411	1	5223	8	128
1771614407	339	1908	23380	0	1034496	6593	0	55	0	37103845	24001	10971014	4415	2	5252	8	128
1771614409	341	1908	23380	0	1034496	6593	0	55	0	37105392	24005	10974098	4420	2	5284	8	128
1771614411	343	1908	23380	0	1034496	6593	0	55	0	37209815	24020	11078774	4436	2	5315	8	128
1771614413	345	1908	23380	0	1034496	6593	0	55	0	37209967	24022	11078872	4437	2	5347	8	128
1771614415	347	1908	23380	0	1034496	6593	0	55	0	37644510	24120	11513455	4535	2	5376	8	128
1771614417	349	1908	23380	0	1034496	6593	0	55	0	37645212	24128	11514364	4543	2	5408	8	128
1771614419	351	1908	23380	0	1034496	6593	0	55	0	37645298	24129	11514462	4544	2	5439	8	128
1771614421	353	1908	23380	0	1034496	6593	0	55	0	37698601	24145	11570983	4563	2	5471	8	128
1771614423	355	1908	23380	0	1034496	6593	0	55	0	37700621	24151	11579753	4574	2	5500	8	128
1771614425	357	1908	23380	0	1034496	6593	0	55	0	37703036	24173	11582180	4596	2	5532	8	128
1771614427	359	1908	23380	0	1034496	6593	0	55	0	38087525	24207	11966681	4629	2	5564	8	128
1771614429	361	1908	23380	0	1034496	6593	0	55	0	38095448	24228	11978958	4648	2	5595	8	128
1771614431	363	1908	23380	0	1034496	6593	0	55	0	38095766	24232	11979499	4653	2	5624	8	128
1771614433	365	1908	23380	0	1034496	6593	0	55	0	38096424	24240	11980599	4663	2	5656	8	128
1771614435	367	1893	23380	0	1034496	6593	0	55	0	38097371	24250	11981623	4674	2	5687	8	128
1771614437	369	1908	23380	0	1034496	6593	0	55	0	38300435	24292	12187558	4717	2	5718	8	128
1771614439	371	1908	23380	0	1034496	6593	0	55	0	38300521	24293	12187656	4718	2	5748	8	128
1771614441	373	1908	23380	0	1034496	6593	0	55	0	38300667	24295	12187816	4720	2	5780	8	128
1771614443	374	1908	23380	0	1034496	6593	0	55	0	38691825	24402	12582030	4830	2	5809	8	128
1771614445	377	1908	23380	0	1034496	6593	0	55	0	38691989	24404	12582234	4832	2	5841	8	128
1771614447	379	1908	23380	0	1034496	6593	0	55	0	38692221	24407	12582492	4835	2	5873	8	128
1771614449	381	1908	23380	0	1034496	6593	0	55	0	38692433	24410	12582716	4838	2	5905	8	128
1771614451	382	1908	23380	0	1034496	6593	0	55	0	38694170	24426	12587701	4855	2	5934	8	128
1771614453	385	1908	23380	0	1034496	6593	0	55	0	38748269	24439	12643211	4870	2	5965	8	128
1771614455	387	1908	23380	0	1034496	6593	0	55	0	38750527	24459	12645481	4890	2	5997	8	128
1771614457	389	1908	23380	0	1034496	6593	0	55	0	39186020	24575	13081000	5006	2	6030	8	128
1771614459	391	1908	23380	0	1034496	6593	0	55	0	39187328	24587	13082013	5015	2	6062	8	128
1771614461	393	1908	23380	0	1034496	6593	0	55	0	39187474	24589	13082173	5017	2	6090	8	128
1771614463	395	1908	23380	0	1034496	6593	0	55	0	39188390	24597	13086287	5028	2	6122	8	128
1771614465	397	1908	23380	0	1034496	6593	0	55	0	39188779	24600	13086605	5031	2	6154	8	128
1771614467	399	1908	23380	0	1034496	6593	0	55	0	39246858	24652	13139541	5074	2	6186	8	128
1771614469	400	1908	23380	0	1034496	6593	0	55	0	39246944	24653	13139639	5075	2	6215	8	128
1771614471	403	1908	23380	0	1034496	6593	0	55	0	39249655	24678	13142574	5101	2	6247	8	128
1771614473	405	1908	23380	0	1034496	6593	0	55	0	39636367	24773	13529298	5196	2	6279	8	128
1771614475	407	1908	23380	0	1034496	6593	0	55	0	39636625	24776	13529777	5200	2	6312	8	128
1771614477	409	1908	23380	0	1034496	6593	0	55	0	39640569	24801	13535784	5220	2	6341	8	128
1771614479	411	1908	23380	0	1034496	6593	0	55	0	39646450	24817	13538557	5237	2	6373	8	128
1771614481	413	1908	23380	0	1034496	6593	0	55	0	39648257	24825	13545599	5248	2	6405	8	128
1771614483	415	1908	23380	0	1034496	6593	0	55	0	39725869	24843	13622088	5267	2	6433	8	128
1771614485	417	1908	23380	0	1034496	6593	0	55	0	39727007	24849	13622824	5274	2	6465	8	128
1771614487	419	1908	23380	0	1034496	6593	0	55	0	39729726	24875	13625755	5301	2	6496	8	128
1771614489	421	1908	23380	0	1034496	6593	0	55	0	40113561	24909	14009895	5338	2	6528	8	128
1771614491	422	1908	23380	0	1034496	6593	0	55	0	40115163	24924	14011153	5349	2	6558	8	128
1771614493	425	1908	23380	0	1034496	6593	0	55	0	40115351	24926	14011365	5351	2	6590	8	128
1771614495	427	1908	23380	0	1034496	6593	0	55	0	40115563	24929	14011589	5354	2	6622	8	128
1771614497	429	1908	23380	0	1034496	6593	0	55	0	40116708	24940	14017079	5368	2	6654	8	128
1771614499	431	1908	23380	0	1034496	6593	0	55	0	40173924	24953	14074351	5381	2	6682	8	128
1771614501	433	1908	23380	0	1034496	6593	0	55	0	40174070	24955	14074511	5383	2	6714	8	128
1771614503	435	1908	23380	0	1034496	6593	0	55	0	40176485	24977	14076938	5405	2	6746	8	128
1771614505	437	1908	23380	0	1034496	6593	0	55	0	40641015	25018	14541146	5445	2	6778	8	128
1771614507	439	1908	23380	0	1034496	6593	0	55	0	40641337	25022	14541604	5450	2	6807	8	128
1771614509	441	1908	23380	0	1034496	6593	0	55	0	40641673	25025	14542116	5453	2	6839	8	128
1771614511	443	1908	23380	0	1034496	6593	0	55	0	40641945	25029	14542402	5457	2	6871	8	128
1771614513	445	1908	23380	0	1034496	6593	0	55	0	40676372	25049	14582553	5481	2	6903	8	128
1771614515	447	1908	23380	0	1034496	6593	0	55	0	40717928	25102	14594419	5509	2	6932	8	128
1771614517	449	1908	23380	0	1034496	6593	0	55	0	40720489	25126	14597006	5533	2	6964	8	128
1771614519	451	1908	23380	0	1034496	6593	0	55	0	41263208	25364	15005745	5654	2	6996	8	128
1771614521	452	1908	23380	0	1034496	6593	0	55	0	41687509	25755	15043810	5791	2	7025	8	128
1771614523	455	1908	23380	0	1034496	6593	0	55	0	41731628	25799	15049846	5818	2	7057	8	128
1771614525	457	1908	23380	0	1034496	6593	0	55	0	41732190	25804	15050435	5824	2	7089	8	128
1771614527	459	1908	23380	0	1034496	6593	0	55	0	41736870	25829	15059829	5854	2	7121	8	128
1771614529	461	1908	23380	0	1034496	6593	0	55	0	41737937	25836	15060151	5857	2	7150	8	128
1771614531	463	1908	23380	0	1034496	6593	0	55	0	44653523	28111	15115348	5997	2	7182	8	128
1771614533	465	1908	23380	0	1034496	6593	0	55	0	44665319	28149	15127050	6024	2	7213	8	128
1771614535	467	1908	23380	0	1034496	6593	0	55	0	45080874	28480	15135145	6049	2	7244	8	128
1771614537	469	1908	23380	0	1034496	6593	0	55	0	45084017	28510	15138310	6079	2	7272	8	128
1771614539	471	1908	23380	0	1034496	6593	0	55	0	45467451	28534	15521756	6103	2	7303	8	128
1771614541	473	1908	23380	0	1034496	6593	0	55	0	45467981	28541	15522337	6110	2	7335	8	128
1771614543	475	1908	23380	0	1034496	6593	0	55	0	45584921	28636	15569930	6169	2	7366	8	128
1771614545	477	1908	23380	0	1034496	6593	0	55	0	46195393	29110	15575472	6192	2	7395	8	128
1771614547	479	1908	23380	0	1034496	6593	0	55	0	48226211	30459	15977347	6321	2	7427	8	128
1771614549	481	1908	23380	0	1034496	6593	0	55	0	48226527	30463	15977675	6325	2	7458	8	128
1771614551	482	1908	23380	0	1034496	6593	0	55	0	49404011	31382	15985465	6367	2	7488	8	128
1771614553	485	1908	23380	0	1034496	6593	0	55	0	49444375	31429	15993403	6384	2	7519	8	128
1771614555	487	1908	23380	0	1034496	6593	0	55	0	50253386	32065	16010498	6435	2	7551	8	128
1771614557	489	1908	23380	0	1034496	6593	0	55	0	50253618	32068	16010756	6438	2	7583	8	128
1771614559	491	1908	23380	0	1034496	6593	0	55	0	50299401	32087	16059581	6459	2	7615	8	128
1771614561	493	1908	23380	0	1034496	6593	0	55	0	51134659	32738	16066442	6494	2	7643	8	128
1771614563	495	1908	23380	0	1034496	6593	0	55	0	51521249	32793	16455880	6547	2	7674	8	128
1771614565	497	1908	23380	0	1034496	6593	0	55	0	51521335	32794	16455978	6548	2	7707	8	128
1771614567	499	1908	23380	0	1034496	6593	0	55	0	52841241	33824	16467477	6598	2	7739	8	128
1771614569	501	1908	23380	0	1034496	6593	0	55	0	52841453	33827	16467701	6601	2	7767	8	128
1771614571	503	1908	23380	0	1034496	6593	0	55	0	53827930	34519	16585691	6650	2	7798	8	128
1771614573	505	1908	23380	0	1034496	6593	0	55	0	53828118	34521	16592402	6657	2	7830	8	128
1771614575	507	1908	23380	0	1034496	6593	0	55	0	54630790	35189	16609051	6735	2	7862	8	128
1771614577	509	1908	23380	0	1034496	6593	0	55	0	55018509	35253	16997535	6799	2	7891	8	128
1771614579	511	1908	23380	0	1034496	6593	0	55	0	55028424	35290	17014026	6830	2	7923	8	128
1771614581	513	1908	23380	0	1034496	6593	0	55	0	55031334	35308	17015801	6846	2	7955	8	128
1771614583	515	1908	23380	0	1034496	6593	0	55	0	56177731	36213	17032073	6913	2	7987	8	128
1771614585	516	1908	23380	0	1034496	6593	0	55	0	56178523	36221	17035606	6923	2	8016	8	128
1771614587	519	1908	23380	0	1034496	6593	0	55	0	57053929	36872	17096004	6970	2	8048	8	128
1771614589	521	1908	23380	0	1034496	6593	0	55	0	57056940	36898	17102011	6998	2	8080	8	128
1771614591	523	1908	23380	0	1034496	6593	0	55	0	57510965	37026	17556090	7126	2	8112	8	128
1771614593	525	1908	23380	0	1034496	6593	0	55	0	58421853	37735	17563159	7162	2	8141	8	128
1771614595	527	1908	23380	0	1034496	6593	0	55	0	58422129	37738	17563590	7166	2	8173	8	128
1771614597	529	1908	23380	0	1034496	6593	0	55	0	59022603	38214	17570578	7202	2	8205	8	128
1771614599	531	1908	23380	0	1034496	6593	0	55	0	59023545	38219	17571433	7208	3	8237	8	128
1771614601	533	1908	23380	0	1034496	6593	0	55	0	59893652	38895	17578534	7245	3	8266	8	128
1771614603	535	1908	23380	0	1034496	6593	0	55	0	59947184	38909	17635228	7261	3	8297	8	128
1771614605	537	1908	23380	0	1034496	6593	0	55	0	59947672	38914	17635710	7266	3	8329	8	128
1771614607	538	1908	23380	0	1034496	6593	0	55	0	60950708	39452	18029527	7350	3	8359	8	128
1771614609	541	1908	23380	0	1034496	6593	0	55	0	60957844	39480	18035620	7376	3	8391	8	128
1771614611	543	1908	23380	0	1034496	6593	0	55	0	61567011	39958	18041808	7406	3	8423	8	128
1771614613	545	1908	23380	0	1034496	6593	0	55	0	61568254	39968	18045850	7415	3	8454	8	128
1771614615	547	1908	23380	0	1034496	6593	0	55	0	62002744	40314	18052458	7444	3	8483	8	128
1771614617	549	1908	23380	0	1034496	6593	0	55	0	62815815	40906	18123347	7490	3	8513	8	128
1771614619	551	1908	23380	0	1034496	6593	0	55	0	62830055	40955	18138292	7542	3	8545	8	128
1771614621	553	1908	23380	0	1034496	6593	0	55	0	62868490	40987	18174630	7569	3	8574	8	128
1771614623	555	1908	23380	0	1034496	6593	0	55	0	63267775	41076	18573941	7658	3	8606	8	128
1771614625	557	1908	23380	0	1034496	6593	0	55	0	63879690	41551	18579604	7682	3	8638	8	128
1771614627	559	1908	23380	0	1034496	6593	0	55	0	63880204	41558	18580188	7689	3	8670	8	128
1771614629	561	1908	23380	0	1034496	6593	0	55	0	65001845	42426	18587938	7731	3	8700	8	128
1771614631	563	1901	23380	0	1034496	6593	0	55	0	65005458	42438	18594772	7744	3	8731	8	128
1771614633	565	1908	23380	0	1034496	6593	0	55	0	65074569	42455	18663820	7760	3	8763	8	128
1771614635	567	1908	23380	0	1034496	6593	0	55	0	65446692	42771	18677743	7806	3	8795	8	128
1771614637	569	1908	23380	0	1034496	6593	0	55	0	65831464	42803	19062764	7839	3	8824	8	128
1771614639	571	1908	23380	0	1034496	6593	0	55	0	65976004	42921	19067485	7855	3	8857	8	128
1771614641	573	1908	23380	0	1034496	6593	0	55	0	66360195	43225	19072948	7878	3	8889	8	128
1771614643	575	1908	23380	0	1034496	6593	0	55	0	66362632	43247	19077918	7898	3	8918	8	128
1771614645	577	1908	23380	0	1034496	6593	0	55	0	67158333	43873	19089674	7947	3	8950	8	128
1771614647	579	1908	23380	0	1034496	6593	0	55	0	67226204	43890	19160446	7965	3	8982	8	128
1771614649	580	1908	23380	0	1034496	6593	0	55	0	67227215	43901	19164764	7979	3	9010	8	128
1771614651	583	1908	23380	0	1034496	6593	0	55	0	67613584	43955	19550889	8032	3	9041	8	128
1771614653	585	1908	23380	0	1034496	6593	0	55	0	68484361	44633	19561080	8069	3	9072	8	128
1771614655	587	1908	23380	0	1034496	6593	0	55	0	68485846	44646	19565165	8080	3	9104	8	128
1771614657	589	1908	23380	0	1034496	6593	0	55	0	68577725	44659	19657056	8093	3	9133	8	128
1771614659	591	1908	23380	0	1034496	6593	0	55	0	69238074	45177	19666420	8124	3	9165	8	128
1771614661	593	1908	23380	0	1034496	6593	0	55	0	69238298	45178	19666534	8125	3	9197	8	128
1771614663	595	1908	23380	0	1034496	6593	0	55	0	69623949	45228	20052211	8175	3	9227	8	128
1771614665	597	1908	23380	0	1034496	6593	0	55	0	69624525	45233	20058743	8185	3	9259	8	128
1771614667	599	1908	23380	0	1034496	6593	0	55	0	69626062	45238	20059079	8188	3	9291	8	128
1771614669	601	1908	23380	0	1034496	6593	0	55	0	69627459	45249	20060656	8200	3	9324	8	128
1771614671	603	1908	23380	0	1034496	6593	0	55	0	69627459	45249	20060656	8200	3	9353	8	128
1771614673	605	1908	23380	0	1034496	6593	0	55	0	69682359	45268	20115412	8217	3	9384	8	128
1771614675	607	1908	23380	0	1034496	6593	0	55	0	69682540	45270	20115621	8219	3	9417	8	128
1771614677	609	1908	23380	0	1034496	6593	0	55	0	69684955	45292	20118048	8241	3	9448	8	128
1771614679	611	1908	23380	0	1034496	6593	0	55	0	70068537	45326	20501656	8275	3	9480	8	128
1771614681	613	1908	23380	0	1034496	6593	0	55	0	70069699	45334	20505577	8285	3	9509	8	128
1771614683	615	1908	23380	0	1034496	6593	0	55	0	70070057	45339	20505961	8290	3	9541	8	128
1771614685	617	1908	23380	0	1034496	6593	0	55	0	70070143	45340	20506059	8291	3	9572	8	128
1771614687	619	1908	23380	0	1034496	6593	0	55	0	70141787	45353	20577715	8304	3	9604	8	128
1771614689	621	1908	23380	0	1034496	6593	0	55	0	70142269	45358	20578385	8309	3	9635	8	128
1771614691	623	1908	23380	0	1034496	6593	0	55	0	70144598	45379	20580714	8330	3	9667	8	128
1771614693	625	1908	23380	0	1034496	6593	0	55	0	70529402	45410	20965962	8363	3	9699	8	128
1771614695	627	1908	23380	0	1034496	6593	0	55	0	70531179	45423	20973618	8377	3	9727	8	128
1771614697	629	1908	23380	0	1034496	6593	0	55	0	70602066	45440	21044287	8392	3	9758	8	128
1771614699	631	1908	23380	0	1034496	6593	0	55	0	70604033	45450	21048093	8404	3	9790	8	128
1771614701	633	1908	23380	0	1034496	6593	0	55	0	70606587	45472	21050536	8426	3	9823	8	128
1771614703	635	1908	23380	0	1034496	6593	0	55	0	70991083	45511	21437985	8467	3	9855	8	128
1771614705	637	1908	23380	0	1034496	6593	0	55	0	70992625	45526	21439441	8480	3	9884	8	128
1771614707	639	1908	23380	0	1034496	6593	0	55	0	70992711	45527	21439539	8481	3	9916	8	128
1771614709	641	1908	23380	0	1034496	6593	0	55	0	70993069	45532	21439923	8486	3	9948	8	128
1771614711	643	1908	23380	0	1034496	6593	0	55	0	70993683	45535	21443399	8491	3	9980	8	128
1771614713	645	1908	23380	0	1034496	6593	0	55	0	71074231	45550	21523973	8506	3	10011	8	128
1771614715	647	1908	23380	0	1034496	6593	0	55	0	71074412	45552	21524182	8508	3	10040	8	128
1771614717	649	1908	23380	0	1034496	6593	0	55	0	71074498	45553	21524280	8509	3	10072	8	128
1771614719	651	1908	23380	0	1034496	6593	0	55	0	71406278	45601	21855920	8555	3	10104	8	128
1771614721	653	1908	23380	0	1034496	6593	0	55	0	71461210	45612	21910741	8566	3	10136	8	128
1771614723	655	1908	23380	0	1034496	6593	0	55	0	71461442	45615	21910999	8569	3	10165	8	128
1771614725	657	1908	23380	0	1034496	6593	0	55	0	71461654	45618	21911223	8572	3	10198	8	128
1771614727	659	1908	23380	0	1034496	6593	0	55	0	71462428	45625	21915164	8581	3	10230	8	128
1771614729	661	1908	23380	0	1034496	6593	0	55	0	71462815	45630	21915577	8586	3	10262	8	128
1771614731	663	1908	23380	0	1034496	6593	0	55	0	71556110	45640	22008872	8596	3	10293	8	128
1771614733	665	1908	23380	0	1034496	6593	0	55	0	71556588	45646	22009308	8601	3	10322	8	128
1771614735	667	1908	23380	0	1034496	6593	0	55	0	71558700	45661	22014370	8613	3	10353	8	128
1771614737	669	1908	23380	0	1034496	6593	0	55	0	71560082	45672	22015714	8623	3	10384	8	128
1771614739	671	1908	23380	0	1034496	6593	0	55	0	71562055	45680	22019310	8633	3	10416	8	128
1771614741	673	1908	23380	0	1034496	6593	0	55	0	71562714	45686	22023110	8642	3	10448	8	128
1771614743	675	1908	23380	0	1034496	6593	0	55	0	71950064	45763	22410159	8717	3	10480	8	128
1771614745	677	1908	23380	0	1034496	6593	0	55	0	71950150	45764	22410257	8718	3	10508	8	128
1771614747	679	1908	23380	0	1034496	6593	0	55	0	71950326	45766	22410555	8721	3	10540	8	128
1771614749	681	1908	23380	0	1034496	6593	0	55	0	71954997	45796	22420314	8748	3	10571	8	128
1771614751	683	1908	23380	0	1034496	6593	0	55	0	71957664	45804	22420683	8751	3	10603	8	128
1771614753	685	1908	23380	0	1034496	6593	0	55	0	71957896	45807	22420941	8754	3	10635	8	128
1771614755	687	1908	23380	0	1034496	6593	0	55	0	72050568	45820	22513625	8767	3	10663	8	128
1771614757	689	1908	23380	0	1034496	6593	0	55	0	72051190	45825	22517308	8774	3	10695	8	128
1771614759	691	1908	23380	0	1034496	6593	0	55	0	72438349	45904	22904493	8853	3	10727	8	128
1771614761	693	1908	23380	0	1034496	6593	0	55	0	72438349	45904	22904493	8853	3	10759	8	128
1771614763	695	1908	23380	0	1034496	6593	0	55	0	72439515	45915	22908469	8865	3	10791	8	128
1771614765	697	1908	23380	0	1034496	6593	0	55	0	72440823	45927	22909588	8875	3	10820	8	128
1771614767	699	1908	23380	0	1034496	6593	0	55	0	72540882	45940	23009659	8888	3	10852	8	128
1771614769	701	1908	23380	0	1034496	6593	0	55	0	72541192	45944	23010023	8892	3	10884	8	128
1771614771	703	1908	23380	0	1034496	6593	0	55	0	72926716	45992	23401761	8946	3	10915	8	128
1771614773	705	1908	23380	0	1034496	6593	0	55	0	72928774	45999	23402082	8949	3	10947	8	128
1771614775	707	1908	23380	0	1034496	6593	0	55	0	72929046	46003	23402368	8953	3	10976	8	128
1771614777	709	1908	23380	0	1034496	6593	0	55	0	72929269	46006	23402639	8956	3	11008	8	128
1771614779	711	1908	23380	0	1034496	6593	0	55	0	72929501	46009	23402897	8959	3	11040	8	128
1771614781	713	1908	23380	0	1034496	6593	0	55	0	72994727	46021	23468287	8971	3	11072	8	128
1771614783	715	1908	23380	0	1034496	6593	0	55	0	72995510	46026	23469091	8978	3	11101	8	128
1771614785	717	1908	23380	0	1034496	6593	0	55	0	72998922	46054	23472306	9007	3	11134	8	128
1771614787	719	1908	23380	0	1034496	6593	0	55	0	73390123	46207	23866318	9160	3	11166	8	128
1771614789	721	1908	23380	0	1034496	6593	0	55	0	73390355	46210	23866576	9163	3	11198	8	128
1771614791	723	1908	23380	0	1034496	6593	0	55	0	73390655	46215	23866898	9167	3	11227	8	128
1771614793	725	1908	23380	0	1034496	6593	0	55	0	73390931	46218	23867208	9170	3	11259	8	128
1771614795	727	1908	23380	0	1034496	6593	0	55	0	73394633	46246	23874024	9197	3	11291	8	128
1771614797	729	1908	23380	0	1034496	6593	0	55	0	73430099	46289	23908610	9237	3	11324	8	128
1771614799	731	1908	23380	0	1034496	6593	0	55	0	73430331	46292	23908868	9240	3	11352	8	128
1771614801	733	1908	23380	0	1034496	6593	0	55	0	73430409	46293	23908974	9241	3	11385	8	128
1771614803	735	1908	23380	0	1034496	6593	0	55	0	73817264	46348	24298819	9298	3	11417	8	128
1771614805	737	1908	23380	0	1034496	6593	0	55	0	73818782	46356	24299955	9306	3	11449	8	128
1771614807	739	1908	23380	0	1034496	6593	0	55	0	73818868	46357	24300053	9307	3	11478	8	128
1771614809	741	1908	23380	0	1034496	6593	0	55	0	73822334	46369	24306624	9322	3	11510	8	128
1771614811	743	1908	23380	0	1034496	6593	0	55	0	73851716	46379	24336006	9332	3	11541	8	128
1771614813	745	1908	23380	0	1034496	6593	0	55	0	73851888	46381	24336202	9334	3	11574	8	128
1771614815	747	1908	23380	0	1034496	6593	0	55	0	74268923	46476	24753251	9429	3	11606	8	128
1771614817	749	1908	23380	0	1034496	6593	0	55	0	74289548	46515	24776917	9471	3	11635	8	128
1771614819	751	1908	23380	0	1034496	6593	0	55	0	74289729	46517	24777015	9472	3	11667	8	128
1771614821	753	1908	23380	0	1034496	6593	0	55	0	74289875	46519	24777175	9474	3	11699	8	128
1771614823	755	1908	23380	0	1034496	6593	0	55	0	74292426	46540	24782739	9496	3	11731	8	128
1771614825	757	1908	23380	0	1034496	6593	0	55	0	74294311	46558	24786688	9511	3	11763	8	128
1771614827	759	1893	23380	0	1034496	6593	0	55	0	74330494	46588	24820306	9543	3	11794	8	128
1771614829	761	1908	23380	0	1034496	6593	0	55	0	74331346	46593	24820896	9550	3	11826	8	128
1771614831	763	1908	23380	0	1034496	6593	0	55	0	74333518	46612	24823068	9569	3	11854	8	128
1771614833	765	1908	23380	0	1034496	6593	0	55	0	74717577	46646	25210092	9605	4	11886	8	128
1771614835	767	1908	23380	0	1034496	6593	0	55	0	74717723	46648	25210252	9607	4	11918	8	128
1771614837	769	1908	23380	0	1034496	6593	0	55	0	74717935	46651	25210476	9610	4	11950	8	128
1771614839	770	1908	23380	0	1034496	6593	0	55	0	74718262	46655	25210845	9614	4	11979	8	128
1771614841	773	1908	23380	0	1034496	6593	0	55	0	74759869	46671	25252287	9628	4	12010	8	128
1771614843	775	1908	23380	0	1034496	6593	0	55	0	74842437	46753	25260936	9673	4	12041	8	128
1771614845	777	1908	23380	0	1034496	6593	0	55	0	74845136	46777	25263539	9697	4	12073	8	128
1771614847	779	1908	23380	0	1034496	6593	0	55	0	75231690	46852	25653302	9774	4	12106	8	128
1771614849	781	1908	23380	0	1034496	6593	0	55	0	75234222	46862	25656881	9784	4	12137	8	128
1771614851	783	1908	23380	0	1034496	6593	0	55	0	75234348	46864	25657007	9786	4	12169	8	128
1771614853	785	1908	23380	0	1034496	6593	0	55	0	75357318	46880	25780139	9803	4	12197	8	128
1771614855	787	1908	23380	0	1034496	6593	0	55	0	75357978	46887	25781019	9811	4	12229	8	128
1771614857	789	1908	23380	0	1034496	6593	0	55	0	75361603	46920	25784467	9842	4	12261	8	128
1771614859	791	1908	23380	0	1034496	6593	0	55	0	75748036	47008	26170942	9930	4	12293	8	128
1771614861	792	1908	23380	0	1034496	6593	0	55	0	75748162	47010	26171068	9932	4	12322	8	128
1771614863	795	1908	23380	0	1034496	6593	0	55	0	75749408	47020	26175194	9944	4	12354	8	128
1771614865	797	1908	23380	0	1034496	6593	0	55	0	75750237	47027	26175731	9950	4	12385	8	128
1771614867	799	1908	23380	0	1034496	6593	0	55	0	75798622	47039	26224298	9963	4	12416	8	128
1771614869	801	1908	23380	0	1034496	6593	0	55	0	75798854	47042	26224556	9966	4	12448	8	128
1771614871	803	1908	23380	0	1034496	6593	0	55	0	75801183	47063	26226885	9987	4	12479	8	128
1771614873	805	1908	23380	0	1034496	6593	0	55	0	76236623	47178	26662349	10102	4	12511	8	128
1771614875	807	1908	23380	0	1034496	6593	0	55	0	76236769	47180	26662509	10104	4	12543	8	128
1771614877	809	1908	23380	0	1034496	6593	0	55	0	76237231	47185	26663146	10109	4	12572	8	128
1771614879	811	1908	23380	0	1034496	6593	0	55	0	76250199	47220	26678623	10136	4	12604	8	128
1771614881	813	1908	23380	0	1034496	6593	0	55	0	76254323	47235	26686578	10149	4	12636	8	128
1771614883	814	1908	23380	0	1034496	6593	0	55	0	76288347	47251	26723566	10167	4	12665	8	128
1771614885	817	1908	23380	0	1034496	6593	0	55	0	76288493	47253	26723726	10169	4	12697	8	128
1771614887	819	1908	23380	0	1034496	6593	0	55	0	76289892	47265	26724833	10179	4	12729	8	128
1771614889	821	1908	23380	0	1034496	6593	0	55	0	76490517	47301	26925484	10215	4	12762	8	128
1771614891	823	1908	23380	0	1034496	6593	0	55	0	76686198	47378	27121986	10288	4	12793	8	128
1771614893	825	1908	23380	0	1034496	6593	0	55	0	76686637	47383	27125645	10295	4	12822	8	128
1771614895	827	1908	23380	0	1034496	6593	0	55	0	76687751	47391	27126249	10301	4	12855	8	128
1771614897	829	1908	23380	0	1034496	6593	0	55	0	76688041	47395	27126579	10305	4	12887	8	128
1771614899	831	1908	23380	0	1034496	6593	0	55	0	76688273	47398	27126837	10308	4	12919	8	128
1771614901	833	1908	23380	0	1034496	6593	0	55	0	76767114	47411	27205694	10321	4	12947	8	128
1771614903	835	1908	23380	0	1034496	6593	0	55	0	76767286	47413	27205890	10323	4	12978	8	128
1771614905	837	1908	23380	0	1034496	6593	0	55	0	76767432	47415	27206050	10325	4	13010	8	128
1771614907	839	1908	23380	0	1034496	6593	0	55	0	77161404	47534	27599981	10444	4	13042	8	128
1771614909	841	1908	23380	0	1034496	6593	0	55	0	77162443	47543	27604207	10456	4	13074	8	128
1771614911	843	1908	23380	0	1034496	6593	0	55	0	77162443	47543	27604207	10456	4	13103	8	128
1771614913	845	1908	23380	0	1034496	6593	0	55	0	77163208	47552	27605174	10466	4	13135	8	128
1771614915	847	1908	23380	0	1034496	6593	0	55	0	77163354	47554	27605334	10468	4	13167	8	128
1771614917	849	1908	23380	0	1034496	6593	0	55	0	77259502	47567	27701494	10481	4	13199	8	128
1771614919	851	1908	23380	0	1034496	6593	0	55	0	77260490	47576	27702209	10487	4	13228	8	128
1771614921	853	1908	23380	0	1034496	6593	0	55	0	77594478	47622	28036909	10535	4	13260	8	128
1771614923	855	1908	23380	0	1034496	6593	0	55	0	77652260	47689	28094620	10601	4	13293	8	128
1771614925	857	1908	23380	0	1034496	6593	0	55	0	77653263	47699	28098708	10613	4	13325	8	128
1771614927	859	1908	23380	0	1034496	6593	0	55	0	77653700	47703	28099046	10617	4	13354	8	128
1771614929	861	1908	23380	0	1034496	6593	0	55	0	77654010	47707	28099410	10621	4	13386	8	128
1771614931	863	1908	23380	0	1034496	6593	0	55	0	77732692	47719	28178092	10633	4	13419	8	128
1771614933	865	1908	23380	0	1034496	6593	0	55	0	77733357	47726	28178724	10639	4	13450	8	128
1771614935	867	1908	23380	0	1034496	6593	0	55	0	77733503	47728	28178884	10641	4	13480	8	128
1771614937	869	1908	23380	0	1034496	6593	0	55	0	78119944	47794	28565337	10707	4	13512	8	128
1771614939	871	1908	23380	0	1034496	6593	0	55	0	78120278	47798	28568942	10714	4	13544	8	128
1771614941	873	1908	23380	0	1034496	6593	0	55	0	78120912	47802	28569177	10716	4	13576	8	128
1771614943	875	1908	23380	0	1034496	6593	0	55	0	78122701	47819	28573749	10734	4	13606	8	128
1771614945	877	1908	23380	0	1034496	6593	0	55	0	78122847	47821	28573909	10736	4	13638	8	128
1771614947	879	1908	23380	0	1034496	6593	0	55	0	78123158	47823	28574121	10738	4	13669	8	128
1771614949	881	1908	23380	0	1034496	6593	0	55	0	78203609	47849	28654409	10762	4	13701	8	128
1771614951	883	1908	23380	0	1034496	6593	0	55	0	78203609	47849	28654409	10762	4	13730	8	128
1771614953	885	1908	23380	0	1034496	6593	0	55	0	78206110	47872	28656934	10785	4	13762	8	128
1771614955	887	1908	23380	0	1034496	6593	0	55	0	78592650	47956	29046409	10871	4	13795	8	128
1771614957	889	1908	23380	0	1034496	6593	0	55	0	78592736	47957	29046507	10872	4	13827	8	128
1771614959	891	1908	23380	0	1034496	6593	0	55	0	78595723	47964	29052691	10883	4	13856	8	128
1771614961	893	1908	23380	0	1034496	6593	0	55	0	78596581	47972	29053383	10889	4	13888	8	128
1771614963	895	1908	23380	0	1034496	6593	0	55	0	78596926	47976	29053796	10893	4	13920	8	128
1771614965	897	1908	23380	0	1034496	6593	0	55	0	78597072	47978	29053956	10895	4	13952	8	128
1771614967	899	1908	23380	0	1034496	6593	0	55	0	78644621	48000	29101916	10918	4	13983	8	128
