Time	wtime	pss	rss	swap	vmem	rchar	read_bytes	wchar	write_bytes	rx_bytes	rx_packets	tx_bytes	tx_packets	stime	utime	nprocs	nthreads
1771611573	1	878	12168	0	254976	6593	0	54	0	232	2	3364	5	0	3	4	32
1771611575	3	878	12168	0	254976	6593	0	54	0	22635	69	30720	58	0	33	4	32
1771611577	5	878	12168	0	254976	6593	0	54	0	22781	71	30880	60	0	64	4	32
1771611579	7	878	12168	0	254976	6593	0	54	0	22867	72	30978	61	0	95	4	32
1771611581	9	878	12168	0	254976	6593	0	54	0	23013	74	31138	63	0	126	4	32
1771611583	11	878	12168	0	254976	6593	0	54	0	29429	89	36924	72	0	156	4	32
1771611585	13	878	12168	0	254976	6593	0	54	0	31062	95	40320	80	0	187	4	32
1771611587	15	878	12168	0	254976	6593	0	54	0	31303	98	40591	83	0	217	4	32
1771611589	17	878	12168	0	254976	6593	0	54	0	31491	100	44050	88	0	247	4	32
1771611591	19	878	12168	0	254976	6593	0	54	0	33011	111	48423	96	0	278	4	32
1771611593	21	878	12168	0	254976	6593	0	54	0	33268	114	48732	99	0	308	4	32
1771611595	23	878	12168	0	254976	6593	0	54	0	33651	118	49179	103	0	339	4	32
1771611597	24	878	12168	0	254976	6593	0	54	0	34015	122	49597	107	0	367	4	32
1771611599	26	878	12168	0	254976	6593	0	54	0	34312	125	49946	110	0	398	4	32
1771611601	29	878	12168	0	254976	6593	0	54	0	34536	128	50212	113	0	429	4	32
1771611603	31	878	12168	0	254976	6593	0	54	0	35132	134	50951	118	0	460	4	32
1771611605	33	878	12168	0	254976	6593	0	54	0	36387	144	55201	130	0	489	4	32
1771611607	35	878	12168	0	254976	6593	0	54	0	43003	161	61633	144	0	520	4	32
1771611609	37	878	12168	0	254976	6593	0	54	0	43410	165	62288	150	0	551	4	32
1771611611	39	878	12168	0	254976	6593	0	54	0	43721	167	62500	152	0	582	4	32
1771611613	41	878	12168	0	254976	6593	0	54	0	44045	171	62878	156	0	613	4	32
1771611615	43	878	12168	0	254976	6593	0	54	0	44611	178	64858	164	0	643	4	32
1771611617	45	878	12168	0	254976	6593	0	54	0	71436	264	104476	252	0	671	4	32
1771611619	47	878	12168	0	254976	6593	0	54	0	354604	590	150110	434	0	700	4	32
1771611621	49	878	12168	0	254976	6593	0	54	0	464144	780	186435	559	0	728	4	32
1771611623	51	878	12168	0	254976	6593	0	54	0	467014	801	190866	577	0	758	4	32
1771611625	53	878	12168	0	254976	6593	0	54	0	3177256	2927	221387	699	0	788	4	32
1771611627	55	878	12168	0	254976	6593	0	54	0	3209875	2961	225972	714	0	817	4	32
1771611629	57	878	12168	0	254976	6593	0	54	0	3235861	2992	233819	730	0	847	4	32
1771611631	59	878	12168	0	254976	6593	0	54	0	3237984	3011	238676	747	0	876	4	32
1771611633	61	878	12168	0	254976	6593	0	54	0	4418711	3935	253770	804	0	906	4	32
1771611635	63	878	12168	0	254976	6593	0	54	0	4419758	3942	257573	812	0	936	4	32
1771611637	65	878	12168	0	254976	6593	0	54	0	4426526	3961	264101	828	0	966	4	32
1771611639	66	878	12168	0	254976	6593	0	54	0	5597761	4878	276988	884	0	994	4	32
1771611641	69	878	12168	0	254976	6593	0	54	0	5597847	4879	277086	885	0	1024	4	32
1771611643	71	878	12168	0	254976	6593	0	54	0	6818220	5825	285566	934	0	1055	4	32
1771611645	73	878	12168	0	254976	6593	0	54	0	6818392	5827	285762	936	0	1086	4	32
1771611647	75	878	12168	0	254976	6593	0	54	0	6818921	5834	286490	944	0	1116	4	32
1771611649	77	878	12168	0	254976	6593	0	54	0	7900741	6700	306906	1022	0	1147	4	32
1771611651	79	878	12168	0	254976	6593	0	54	0	7903582	6717	312148	1039	0	1177	4	32
1771611653	81	878	12168	0	254976	6593	0	54	0	8727498	7362	321454	1077	0	1208	4	32
1771611655	83	878	12168	0	254976	6593	0	54	0	9034794	7605	329951	1095	0	1239	4	32
1771611657	85	878	12168	0	254976	6593	0	54	0	9464220	7958	339829	1131	0	1267	4	32
1771611659	87	878	12168	0	254976	6593	0	54	0	9474425	8016	351266	1190	0	1296	4	32
1771611661	89	878	12168	0	254976	6593	0	54	0	9481271	8036	355748	1204	0	1327	4	32
1771611663	91	878	12168	0	254976	6593	0	54	0	9529462	8082	357813	1224	0	1356	4	32
1771611665	93	878	12168	0	254976	6593	0	54	0	10800613	9069	370026	1280	0	1386	4	32
1771611667	95	878	12168	0	254976	6593	0	54	0	10807525	9086	376025	1291	0	1417	4	32
1771611669	97	878	12168	0	254976	6593	0	54	0	11677679	9762	382832	1325	0	1447	4	32
1771611671	98	878	12168	0	254976	6593	0	54	0	11677943	9765	383375	1329	0	1474	4	32
1771611673	101	878	12168	0	254976	6593	0	54	0	11678313	9768	383649	1332	0	1504	4	32
1771611675	103	878	12168	0	254976	6593	0	54	0	11678485	9770	383845	1334	0	1535	4	32
1771611677	105	878	12168	0	254976	6593	0	54	0	13076284	10860	396638	1395	0	1566	4	32
1771611679	107	878	12168	0	254976	6593	0	54	0	13076620	10863	397238	1400	0	1597	4	32
1771611681	109	878	12168	0	254976	6593	0	54	0	13077463	10871	401153	1410	0	1628	4	32
1771611683	111	878	12168	0	254976	6593	0	54	0	14203379	11751	409612	1458	0	1659	4	32
1771611685	113	878	12168	0	254976	6593	0	54	0	14203551	11753	409808	1460	0	1690	4	32
1771611687	115	878	12168	0	254976	6593	0	54	0	14203887	11757	410301	1465	0	1721	4	32
1771611689	117	878	12168	0	254976	6593	0	54	0	15443161	12720	419442	1516	0	1753	4	32
1771611691	119	878	12168	0	254976	6593	0	54	0	15444050	12729	424796	1526	0	1784	4	32
1771611693	121	878	12168	0	254976	6593	0	54	0	15450581	12752	435566	1553	1	1814	4	32
1771611695	123	878	12168	0	254976	6593	0	54	0	16611972	13704	457322	1666	1	1844	4	32
1771611697	125	878	12168	0	254976	6593	0	54	0	16639356	13790	476089	1737	1	1874	4	32
1771611699	127	878	12168	0	254976	6593	0	54	0	16666420	13826	481287	1758	1	1904	4	32
1771611701	129	878	12168	0	254976	6593	0	54	0	17712791	14642	490164	1811	1	1935	4	32
1771611703	130	878	12168	0	254976	6593	0	54	0	17720564	14659	500120	1822	1	1963	4	32
1771611705	132	878	12168	0	254976	6593	0	54	0	17720650	14660	500218	1823	1	1995	4	32
1771611707	135	878	12168	0	254976	6593	0	54	0	18643546	15380	507529	1862	1	2026	4	32
1771611709	137	878	12168	0	254976	6593	0	54	0	18645223	15384	516096	1871	1	2057	4	32
1771611711	139	878	12168	0	254976	6593	0	54	0	19671449	16187	530558	1921	1	2088	4	32
1771611713	141	878	12168	0	254976	6593	0	54	0	19671820	16190	530832	1924	1	2120	4	32
1771611715	143	878	12168	0	254976	6593	0	54	0	20670642	16970	543516	1963	1	2151	4	32
1771611717	145	878	12168	0	254976	6593	0	54	0	20670788	16972	543676	1965	1	2183	4	32
1771611719	147	878	12168	0	254976	6593	0	54	0	21542042	17648	550377	1998	1	2214	4	32
1771611721	149	878	12168	0	254976	6593	0	54	0	21542128	17649	550475	1999	1	2246	4	32
1771611723	151	878	12168	0	254976	6593	0	54	0	22713420	18562	559005	2048	1	2277	4	32
1771611725	153	878	12168	0	254976	6593	0	54	0	22713592	18564	562059	2053	1	2308	4	32
1771611727	155	878	12168	0	254976	6593	0	54	0	23735206	19399	596937	2157	1	2337	4	32
1771611729	157	878	12168	0	254976	6593	0	54	0	23742102	19417	602140	2167	1	2368	4	32
1771611731	159	878	12168	0	254976	6593	0	54	0	23744190	19436	604314	2186	1	2398	4	32
1771611733	161	878	12168	0	254976	6593	0	54	0	24544583	20111	631315	2286	1	2429	4	32
1771611735	163	878	12168	0	254976	6593	0	54	0	24544880	20114	631762	2290	1	2459	4	32
1771611737	164	878	12168	0	254976	6593	0	54	0	24553259	20140	647635	2314	1	2487	4	32
1771611739	167	878	12168	0	254976	6593	0	54	0	25359195	20837	664420	2421	1	2518	4	32
1771611741	169	878	12168	0	254976	6593	0	54	0	25381905	20899	686516	2471	1	2549	4	32
1771611743	171	878	12168	0	254976	6593	0	54	0	25482144	21036	715718	2550	1	2578	4	32
1771611745	173	878	12168	0	254976	6593	0	54	0	25482850	21042	717696	2557	1	2607	4	32
1771611747	175	878	12168	0	254976	6593	0	54	0	25949746	21409	723397	2581	1	2636	4	32
1771611749	177	878	12168	0	254976	6593	0	54	0	25976270	21490	761424	2661	1	2665	4	32
1771611751	179	878	12168	0	254976	6593	0	54	0	25994625	21532	771067	2693	1	2695	4	32
1771611753	181	878	12168	0	254976	6593	0	54	0	26520476	21952	781389	2733	1	2725	4	32
1771611755	183	878	12168	0	254976	6593	0	54	0	26522995	21968	786468	2749	1	2755	4	32
1771611757	185	878	12168	0	254976	6593	0	54	0	26760227	22159	794349	2766	1	2785	4	32
1771611759	187	878	12168	0	254976	6593	0	54	0	26970844	22418	849852	2895	1	2815	4	32
1771611761	189	878	12168	0	254976	6593	0	54	0	27527995	22868	861739	2938	1	2844	4	32
1771611763	191	878	12168	0	254976	6593	0	54	0	27529959	22883	868945	2954	1	2874	4	32
1771611765	193	878	12168	0	254976	6593	0	54	0	27530131	22885	869141	2956	1	2904	4	32
1771611767	195	878	12168	0	254976	6593	0	54	0	27847996	23178	894172	3025	1	2935	4	32
1771611769	197	878	12168	0	254976	6593	0	54	0	27848949	23184	894735	3030	1	2966	4	32
1771611771	199	878	12168	0	254976	6593	0	54	0	28500083	23702	909147	3077	1	2997	4	32
1771611773	201	878	12168	0	254976	6593	0	54	0	28500939	23708	913076	3086	1	3029	4	32
1771611775	203	878	12168	0	254976	6593	0	54	0	28559541	23760	917004	3095	1	3061	4	32
1771611777	205	878	12168	0	254976	6593	0	54	0	28741192	23906	921909	3109	1	3093	4	32
1771611779	207	878	12168	0	254976	6593	0	54	0	28742104	23914	925768	3118	1	3124	4	32
1771611781	208	878	12168	0	254976	6593	0	54	0	28742190	23915	925866	3119	1	3153	4	32
1771611783	211	878	12168	0	254976	6593	0	54	0	29425237	24451	932792	3154	1	3184	4	32
1771611785	213	878	12168	0	254976	6593	0	54	0	29431759	24478	939935	3187	1	3214	4	32
1771611787	215	878	12168	0	254976	6593	0	54	0	29478991	24541	955161	3233	1	3244	4	32
1771611789	217	878	12168	0	254976	6593	0	54	0	30395102	25265	969060	3286	1	3272	4	32
1771611791	219	878	12168	0	254976	6593	0	54	0	30396968	25283	971749	3307	1	3301	4	32
1771611793	221	878	12168	0	254976	6593	0	54	0	30398547	25298	973399	3322	1	3330	4	32
1771611795	223	878	12168	0	254976	6593	0	54	0	30730405	25558	978370	3340	1	3360	4	32
1771611797	225	878	12168	0	254976	6593	0	54	0	30733520	25579	986473	3360	1	3390	4	32
1771611799	227	878	12168	0	254976	6593	0	54	0	30746868	25594	990015	3366	1	3421	4	32
1771611801	229	878	12168	0	254976	6593	0	54	0	31828689	26435	996517	3397	1	3451	4	32
1771611803	231	878	12168	0	254976	6593	0	54	0	31831007	26454	1007096	3419	1	3481	4	32
1771611805	233	878	12168	0	254976	6593	0	54	0	31831179	26456	1007292	3421	1	3512	4	32
1771611807	235	878	12168	0	254976	6593	0	54	0	31834555	26475	1015214	3442	1	3542	4	32
1771611809	237	878	12168	0	254976	6593	0	54	0	32582146	27058	1022166	3477	1	3573	4	32
1771611811	238	878	12168	0	254976	6593	0	54	0	32582844	27063	1025763	3483	1	3601	4	32
1771611813	241	878	12168	0	254976	6593	0	54	0	32583877	27070	1029685	3493	1	3632	4	32
1771611815	243	878	12168	0	254976	6593	0	54	0	33104684	27483	1039536	3526	1	3663	4	32
1771611817	245	878	12168	0	254976	6593	0	54	0	33105900	27490	1049815	3538	1	3694	4	32
1771611819	247	878	12168	0	254976	6593	0	54	0	33106922	27500	1050477	3544	1	3725	4	32
1771611821	249	878	12168	0	254976	6593	0	54	0	33107989	27507	1053680	3551	1	3757	4	32
1771611823	251	878	12168	0	254976	6593	0	54	0	33564389	27869	1059793	3578	1	3789	4	32
1771611825	253	878	12168	0	254976	6593	0	54	0	33859020	28134	1074865	3630	1	3820	4	32
1771611827	255	878	12168	0	254976	6593	0	54	0	33859537	28139	1075576	3636	1	3851	4	32
1771611829	257	878	12168	0	254976	6593	0	54	0	33859683	28141	1075736	3638	1	3883	4	32
1771611831	259	878	12168	0	254976	6593	0	54	0	34651694	28755	1083050	3674	1	3914	4	32
1771611833	261	878	12168	0	254976	6593	0	54	0	34653704	28769	1090675	3690	1	3945	4	32
1771611835	263	878	12168	0	254976	6593	0	54	0	34653876	28771	1090871	3692	1	3977	4	32
1771611837	265	878	12168	0	254976	6593	0	54	0	35336054	29301	1098587	3723	2	4008	4	32
1771611839	267	878	12168	0	254976	6593	0	54	0	35411625	29381	1110737	3771	2	4038	4	32
1771611841	269	878	12168	0	254976	6593	0	54	0	35412363	29388	1111727	3777	2	4068	4	32
1771611843	271	878	12168	0	254976	6593	0	54	0	36013460	29864	1118837	3813	2	4098	4	32
1771611845	273	878	12168	0	254976	6593	0	54	0	36024321	29890	1130360	3839	2	4124	4	32
1771611847	275	878	12168	0	254976	6593	0	54	0	36485642	30275	1152506	3890	2	4154	4	32
1771611849	277	878	12168	0	254976	6593	0	54	0	36488112	30284	1159248	3902	2	4184	4	32
1771611851	279	878	12168	0	254976	6593	0	54	0	37327120	30942	1170363	3947	2	4216	4	32
1771611853	281	878	12168	0	254976	6593	0	54	0	37328929	30958	1172079	3960	2	4245	4	32
1771611855	283	878	12168	0	254976	6593	0	54	0	37330123	30969	1173247	3971	2	4274	4	32
1771611857	285	878	12168	0	254976	6593	0	54	0	37831148	31383	1192424	4023	2	4304	4	32
1771611859	287	878	12168	0	254976	6593	0	54	0	38329496	31777	1195380	4049	2	4333	4	32
1771611861	289	878	12168	0	254976	6593	0	54	0	38330310	31783	1199187	4057	2	4362	4	32
1771611863	291	878	12168	0	254976	6593	0	54	0	38331551	31794	1203292	4069	2	4393	4	32
1771611865	293	878	12168	0	254976	6593	0	54	0	39011026	32327	1213239	4105	2	4423	4	32
1771611867	295	878	12168	0	254976	6593	0	54	0	39011840	32335	1214582	4116	2	4453	4	32
1771611869	297	878	12168	0	254976	6593	0	54	0	39909099	33036	1222261	4157	2	4484	4	32
1771611871	299	878	12168	0	254976	6593	0	54	0	39916146	33055	1231961	4174	2	4514	4	32
1771611873	301	878	12168	0	254976	6593	0	54	0	39916768	33060	1235600	4182	2	4545	4	32
1771611875	302	878	12168	0	254976	6593	0	54	0	39931923	33104	1252690	4213	2	4573	4	32
1771611877	305	878	12168	0	254976	6593	0	54	0	40380824	33464	1264380	4247	2	4603	4	32
1771611879	307	878	12168	0	254976	6593	0	54	0	40383569	33482	1274626	4267	2	4634	4	32
1771611881	309	878	12168	0	254976	6593	0	54	0	40383655	33483	1274724	4268	2	4664	4	32
1771611883	311	878	12168	0	254976	6593	0	54	0	41181377	34108	1285061	4307	2	4695	4	32
1771611885	313	878	12168	0	254976	6593	0	54	0	41190442	34138	1294668	4330	2	4726	4	32
1771611887	315	878	12168	0	254976	6593	0	54	0	41191246	34144	1298376	4337	2	4757	4	32
1771611889	317	878	12168	0	254976	6593	0	54	0	41994187	34768	1304844	4368	2	4787	4	32
1771611891	319	878	12168	0	254976	6593	0	54	0	41994896	34773	1308442	4374	2	4818	4	32
1771611893	321	874	12168	0	254976	6593	0	54	0	41998548	34795	1315888	4396	2	4849	4	32
1771611895	323	874	12168	0	254976	6593	0	54	0	42727284	35365	1326001	4433	2	4879	4	32
1771611897	325	874	12168	0	254976	6593	0	54	0	42728658	35376	1334441	4444	2	4910	4	32
1771611899	327	874	12168	0	254976	6593	0	54	0	42729062	35381	1334982	4449	2	4940	4	32
1771611901	329	874	12168	0	254976	6593	0	54	0	42735730	35399	1341745	4465	2	4971	4	32
1771611903	331	878	12168	0	254976	6593	0	54	0	42877455	35524	1350406	4490	2	5002	4	32
1771611905	333	878	12168	0	254976	6593	0	54	0	42877752	35527	1350853	4494	2	5033	4	32
1771611907	335	878	12168	0	254976	6593	0	54	0	43053057	35685	1357310	4526	2	5063	4	32
1771611909	337	878	12168	0	254976	6593	0	54	0	43349143	35711	1653426	4552	2	5090	4	32
1771611911	339	878	12168	0	254976	6593	0	54	0	43362232	35729	1669750	4572	2	5121	4	32
1771611913	341	878	12168	0	254976	6593	0	54	0	43362734	35734	1670346	4578	2	5151	4	32
1771611915	343	878	12168	0	254976	6593	0	54	0	43362906	35736	1670542	4580	2	5182	4	32
1771611917	345	878	12168	0	254976	6593	0	54	0	43366064	35748	1674610	4592	2	5213	4	32
1771611919	347	878	12168	0	254976	6593	0	54	0	43366578	35754	1675233	4598	2	5243	4	32
1771611921	349	878	12168	0	254976	6593	0	54	0	43367306	35761	1676445	4609	2	5274	4	32
1771611923	351	878	12168	0	254976	6593	0	54	0	43367702	35765	1677018	4613	2	5305	4	32
1771611925	353	874	12168	0	254976	6593	0	54	0	43368744	35775	1681156	4625	2	5336	4	32
1771611927	355	871	12168	0	254976	6593	0	54	0	43369810	35780	1691950	4658	2	5365	4	32
1771611929	357	871	12168	0	254976	6593	0	54	0	43374989	35818	1699665	4694	2	5396	4	32
1771611931	359	878	12168	0	254976	6593	0	54	0	43797040	35870	2120962	4739	2	5425	4	32
1771611933	361	878	12168	0	254976	6593	0	54	0	43798032	35877	2124713	4748	2	5456	4	32
1771611935	363	878	12168	0	254976	6593	0	54	0	43801050	35885	2131342	4765	2	5485	4	32
1771611937	365	874	12168	0	254976	6593	0	54	0	43801917	35893	2134892	4772	2	5516	4	32
1771611939	367	878	12168	0	254976	6593	0	54	0	43802431	35899	2138803	4788	2	5547	4	32
1771611941	369	878	12168	0	254976	6593	0	54	0	43803203	35905	2142588	4796	2	5578	4	32
1771611943	370	878	12168	0	254976	6593	0	54	0	43803480	35908	2142937	4799	2	5605	4	32
1771611945	372	878	12168	0	254976	6593	0	54	0	43809686	35921	2149104	4811	2	5636	4	32
1771611947	375	878	12168	0	254976	6593	0	54	0	43810104	35926	2149534	4816	2	5666	4	32
1771611949	377	878	12168	0	254976	6593	0	54	0	43810345	35929	2149805	4819	2	5697	4	32
1771611951	379	878	12168	0	254976	6593	0	54	0	43810431	35930	2149903	4820	2	5727	4	32
1771611953	381	878	12168	0	254976	6593	0	54	0	43810820	35933	2150221	4823	2	5758	4	32
1771611955	383	878	12168	0	254976	6593	0	54	0	43811052	35936	2150479	4826	2	5789	4	32
1771611957	385	878	12168	0	254976	6593	0	54	0	43811565	35940	2154062	4832	2	5820	4	32
1771611959	387	878	12168	0	254976	6593	0	54	0	43811823	35943	2154541	4836	3	5852	4	32
1771611961	389	878	12168	0	254976	6593	0	54	0	43818590	35962	2160843	4850	3	5882	4	32
1771611963	391	878	12168	0	254976	6593	0	54	0	43818936	35966	2161171	4853	3	5914	4	32
1771611965	393	878	12168	0	254976	6593	0	54	0	43819168	35969	2161429	4856	3	5945	4	32
1771611967	395	878	12168	0	254976	6593	0	54	0	43823143	35976	2167778	4868	3	5975	4	32
1771611969	397	878	12168	0	254976	6593	0	54	0	43829003	35997	2171226	4890	3	6007	4	32
1771611971	399	878	12168	0	254976	6593	0	54	0	43830438	36006	2175374	4903	3	6037	4	32
1771611973	401	878	12168	0	254976	6593	0	54	0	43830974	36009	2175702	4906	3	6067	4	32
1771611975	403	878	12168	0	254976	6593	0	54	0	43831417	36014	2176211	4911	3	6097	4	32
1771611977	405	878	12168	0	254976	6593	0	54	0	43831589	36016	2179475	4913	3	6128	4	32
1771611979	407	878	12168	0	254976	6593	0	54	0	43832159	36021	2179824	4916	3	6159	4	32
1771611981	409	878	12168	0	254976	6593	0	54	0	43832305	36023	2179984	4918	3	6190	4	32
1771611983	410	878	12168	0	254976	6593	0	54	0	43832391	36024	2180082	4919	3	6219	4	32
1771611985	412	878	12168	0	254976	6593	0	54	0	43832623	36027	2180340	4922	3	6249	4	32
1771611987	415	878	12168	0	254976	6593	0	54	0	43833710	36038	2187222	4937	3	6281	4	32
1771611989	417	878	12168	0	254976	6593	0	54	0	43833891	36040	2187431	4939	3	6312	4	32
1771611991	419	878	12168	0	254976	6593	0	54	0	43837484	36059	2193324	4953	3	6343	4	32
1771611993	421	878	12168	0	254976	6593	0	54	0	43844196	36075	2202392	4966	3	6374	4	32
1771611995	423	878	12168	0	254976	6593	0	54	0	43845053	36083	2203269	4974	3	6405	4	32
1771611997	425	878	12168	0	254976	6593	0	54	0	43845350	36086	2203618	4977	3	6435	4	32
1771611999	427	878	12168	0	254976	6593	0	54	0	43845436	36087	2203716	4978	3	6467	4	32
1771612001	429	878	12168	0	254976	6593	0	54	0	43845975	36092	2207360	4985	3	6498	4	32
1771612003	431	878	12168	0	254976	6593	0	54	0	43846139	36094	2207564	4987	3	6529	4	32
1771612005	433	878	12168	0	254976	6593	0	54	0	43846371	36097	2210926	4998	3	6560	4	32
1771612007	435	878	12168	0	254976	6593	0	54	0	43847820	36101	2217592	5016	3	6589	4	32
1771612009	437	878	12168	0	254976	6593	0	54	0	43848001	36103	2217801	5018	3	6620	4	32
1771612011	439	878	12168	0	254976	6593	0	54	0	43848147	36105	2217961	5020	3	6651	4	32
1771612013	441	878	12168	0	254976	6593	0	54	0	43848642	36108	2218585	5024	3	6682	4	32
1771612015	443	878	12168	0	254976	6593	0	54	0	43848874	36111	2218843	5027	3	6713	4	32
1771612017	445	867	12168	0	254976	6593	0	54	0	43850138	36121	2235048	5062	3	6741	4	32
1771612019	447	871	12168	0	254976	6593	0	54	0	43850352	36124	2238606	5075	3	6771	4	32
1771612021	449	871	12168	0	254976	6593	0	54	0	43850498	36126	2248372	5104	3	6798	4	32
1771612023	451	871	12168	0	254976	6593	0	54	0	43857699	36149	2255031	5122	3	6828	4	32
1771612025	453	878	12168	0	254976	6593	0	54	0	43857931	36152	2255289	5125	3	6859	4	32
1771612027	455	878	12168	0	254976	6593	0	54	0	43858017	36153	2255387	5126	3	6890	4	32
1771612029	457	878	12168	0	254976	6593	0	54	0	43858566	36159	2256153	5133	3	6921	4	32
1771612031	459	878	12168	0	254976	6593	0	54	0	44024268	36322	2279143	5200	3	6950	4	32
1771612033	461	878	12168	0	254976	6593	0	54	0	44200984	36520	2323708	5278	3	6981	4	32
1771612035	463	878	12168	0	254976	6593	0	54	0	44415039	36746	2350319	5370	3	7010	4	32
1771612037	465	878	12168	0	254976	6593	0	54	0	44415125	36747	2350417	5371	3	7041	4	32
1771612039	467	878	12168	0	254976	6593	0	54	0	44415469	36751	2350857	5375	3	7072	4	32
1771612041	469	878	12168	0	254976	6593	0	54	0	46317476	38241	2369921	5450	3	7102	4	32
1771612043	471	878	12168	0	254976	6593	0	54	0	46317562	38242	2370019	5451	3	7132	4	32
1771612045	473	878	12168	0	254976	6593	0	54	0	46319880	38265	2377989	5474	3	7162	4	32
1771612047	475	878	12168	0	254976	6593	0	54	0	46322277	38276	2382028	5485	3	7193	4	32
1771612049	477	878	12168	0	254976	6593	0	54	0	47214440	38974	2389522	5525	3	7224	4	32
1771612051	478	878	12168	0	254976	6593	0	54	0	47214664	38977	2389788	5528	3	7251	4	32
1771612053	481	878	12168	0	254976	6593	0	54	0	48049301	39649	2411115	5591	3	7280	4	32
1771612055	483	878	12168	0	254976	6593	0	54	0	48058181	39683	2419070	5618	3	7308	4	32
1771612057	485	878	12168	0	254976	6593	0	54	0	48058267	39684	2419168	5619	3	7338	4	32
1771612059	487	878	12168	0	254976	6593	0	54	0	48058603	39687	2419678	5622	3	7369	4	32
1771612061	489	878	12168	0	254976	6593	0	54	0	48870685	40340	2440613	5692	3	7398	4	32
1771612063	491	878	12168	0	254976	6593	0	54	0	48873865	40364	2450254	5711	3	7428	4	32
1771612065	493	878	12168	0	254976	6593	0	54	0	49328212	40728	2461855	5745	3	7458	4	32
1771612067	495	878	12168	0	254976	6593	0	54	0	49333956	40739	2467322	5751	3	7487	4	32
1771612069	497	878	12168	0	254976	6593	0	54	0	49867842	41155	2472975	5775	4	7518	4	32
1771612071	499	878	12168	0	254976	6593	0	54	0	49867988	41157	2473135	5777	4	7548	4	32
1771612073	501	878	12168	0	254976	6593	0	54	0	49869041	41166	2476752	5782	4	7577	4	32
1771612075	503	878	12168	0	254976	6593	0	54	0	49869359	41170	2477116	5786	4	7608	4	32
1771612077	505	878	12168	0	254976	6593	0	54	0	50519064	41677	2486476	5817	4	7639	4	32
1771612079	507	878	12168	0	254976	6593	0	54	0	50519805	41681	2486813	5820	4	7669	4	32
1771612081	509	878	12168	0	254976	6593	0	54	0	51259714	42264	2496999	5856	4	7698	4	32
1771612083	511	878	12168	0	254976	6593	0	54	0	51286803	42322	2515264	5909	4	7727	4	32
1771612085	513	878	12168	0	254976	6593	0	54	0	51327998	42370	2520282	5937	4	7757	4	32
1771612087	515	878	12168	0	254976	6593	0	54	0	51328170	42372	2520380	5938	4	7786	4	32
1771612089	517	878	12168	0	254976	6593	0	54	0	52446878	43342	2595591	6119	4	7811	4	32
1771612091	519	878	12168	0	254976	6593	0	54	0	52479659	43380	2605481	6139	4	7840	4	32
1771612093	521	878	12168	0	254976	6593	0	54	0	53226985	44038	2627538	6259	4	7869	4	32
1771612095	523	878	12168	0	254976	6593	0	54	0	53227303	44042	2627902	6263	4	7898	4	32
1771612097	525	878	12168	0	254976	6593	0	54	0	53227389	44043	2628000	6264	4	7927	4	32
1771612099	527	878	12168	0	254976	6593	0	54	0	53596193	44348	2645599	6305	4	7956	4	32
1771612101	529	878	12168	0	254976	6593	0	54	0	53878808	44578	2650429	6324	4	7984	4	32
1771612103	531	878	12168	0	254976	6593	0	54	0	56271091	46548	2712687	6526	4	8013	4	32
1771612105	533	878	12168	0	254976	6593	0	54	0	56944579	47076	2719409	6558	4	8041	4	32
1771612107	535	878	12168	0	254976	6593	0	54	0	57035826	47228	2760228	6648	4	8068	4	32
1771612109	537	878	12168	0	254976	6593	0	54	0	57214042	47418	2785963	6716	4	8097	4	32
1771612111	539	878	12168	0	254976	6593	0	54	0	57946359	48036	2816165	6824	4	8125	4	32
1771612113	541	878	12168	0	254976	6593	0	54	0	57950846	48068	2828778	6857	4	8153	4	32
1771612115	543	878	12168	0	254976	6593	0	54	0	57969082	48119	2842977	6902	4	8182	4	32
1771612117	545	878	12168	0	254976	6593	0	54	0	58715166	48743	2876471	6994	4	8211	4	32
1771612119	547	878	12168	0	254976	6593	0	54	0	59107818	48809	3275305	7059	4	8239	4	32
1771612121	549	878	12168	0	254976	6593	0	54	0	59734839	49315	3316948	7116	4	8267	4	32
1771612123	550	878	12168	0	254976	6593	0	54	0	59779459	49392	3354434	7153	4	8293	4	32
1771612125	553	878	12168	0	254976	6593	0	54	0	59810686	49458	3377022	7205	4	8322	4	32
1771612127	555	878	12168	0	254976	6593	0	54	0	62037536	51315	3466024	7668	4	8350	4	32
1771612129	557	878	12168	0	254976	6593	0	54	0	62056486	51359	3491692	7713	4	8377	4	32
1771612131	559	878	12168	0	254976	6593	0	54	0	62468428	51778	3590036	7952	4	8405	4	32
1771612133	561	878	12168	0	254976	6593	0	54	0	66570758	55140	3683649	8208	4	8432	4	32
1771612135	563	878	12168	0	254976	6593	0	54	0	68333140	56544	3698780	8271	5	8459	4	32
1771612137	565	878	12168	0	254976	6593	0	54	0	68333312	56546	3698984	8273	5	8487	4	32
1771612139	567	878	12168	0	254976	6593	0	54	0	68921282	57076	3965071	8534	5	8516	4	32
1771612141	569	878	12168	0	254976	6593	0	54	0	69157238	57337	3992319	8652	5	8545	4	32
1771612143	571	878	12168	0	254976	6593	0	54	0	69164684	57360	4001510	8671	5	8575	4	32
1771612145	573	878	12168	0	254976	6593	0	54	0	69188242	57437	4017761	8745	5	8605	4	32
1771612147	575	878	12168	0	254976	6593	0	54	0	69617971	57851	4062969	8868	5	8635	4	32
1771612149	577	878	12168	0	254976	6593	0	54	0	69629362	57888	4070231	8897	5	8664	4	32
1771612151	579	878	12168	0	254976	6593	0	54	0	69651390	57948	4086609	8952	5	8692	4	32
1771612153	581	878	12168	0	254976	6593	0	54	0	70043298	58038	4479872	9033	5	8721	4	32
1771612155	582	878	12168	0	254976	6593	0	54	0	70525478	58405	4571537	9111	5	8746	4	32
1771612157	585	878	12168	0	254976	6593	0	54	0	70527261	58414	4572336	9117	5	8775	4	32
1771612159	587	878	12168	0	254976	6593	0	54	0	70539590	58455	4594718	9166	5	8803	4	32
1771612161	589	878	12168	0	254976	6593	0	54	0	70748412	58639	4604419	9201	5	8833	4	32
1771612163	591	878	12168	0	254976	6593	0	54	0	70748558	58641	4604579	9203	5	8864	4	32
1771612165	593	878	12168	0	254976	6593	0	54	0	71211811	59017	4614557	9240	5	8893	4	32
1771612167	595	878	12168	0	254976	6593	0	54	0	71214059	59031	4619212	9253	5	8925	4	32
1771612169	597	878	12168	0	254976	6593	0	54	0	71219242	59055	4621597	9266	5	8955	4	32
1771612171	599	878	12168	0	254976	6593	0	54	0	71222863	59080	4631972	9294	5	8985	4	32
1771612173	601	878	12168	0	254976	6593	0	54	0	71461275	59280	4641286	9323	5	9017	4	32
1771612175	603	878	12168	0	254976	6593	0	54	0	71476555	59326	4660551	9355	5	9047	4	32
1771612177	605	878	12168	0	254976	6593	0	54	0	74142783	61562	4727643	9629	5	9075	4	32
1771612179	607	878	12168	0	254976	6593	0	54	0	74775048	62136	4777804	9725	5	9104	4	32
1771612181	609	878	12168	0	254976	6593	0	54	0	75115904	62517	4837406	9887	5	9133	4	32
1771612183	611	878	12168	0	254976	6593	0	54	0	75462559	62860	4902392	10017	5	9163	4	32
1771612185	613	878	12168	0	254976	6593	0	54	0	75911917	63266	4936925	10146	5	9192	4	32
1771612187	615	878	12168	0	254976	6593	0	54	0	76577659	63788	4943461	10177	5	9222	4	32
1771612189	617	878	12168	0	254976	6593	0	54	0	76578842	63797	4947826	10188	5	9253	4	32
1771612191	619	878	12168	0	254976	6593	0	54	0	76579989	63807	4951959	10199	5	9284	4	32
1771612193	620	878	12168	0	254976	6593	0	54	0	76582811	63828	4957626	10216	5	9311	4	32
1771612195	623	878	12168	0	254976	6593	0	54	0	77110380	64242	4966933	10249	5	9340	4	32
1771612197	625	878	12168	0	254976	6593	0	54	0	77115045	64263	4980638	10274	5	9370	4	32
1771612199	627	878	12168	0	254976	6593	0	54	0	77115265	64265	4980889	10276	5	9400	4	32
1771612201	629	878	12168	0	254976	6593	0	54	0	77276723	64415	5002666	10319	5	9431	4	32
1771612203	631	878	12168	0	254976	6593	0	54	0	77277514	64424	5003688	10328	5	9462	4	32
1771612205	633	878	12168	0	254976	6593	0	54	0	77278642	64436	5005535	10343	5	9492	4	32
1771612207	635	878	12168	0	254976	6593	0	54	0	77620281	64718	5016338	10379	5	9523	4	32
1771612209	637	878	12168	0	254976	6593	0	54	0	77622830	64736	5018763	10397	5	9553	4	32
1771612211	639	878	12168	0	254976	6593	0	54	0	77623213	64740	5019210	10401	5	9584	4	32
1771612213	641	878	12168	0	254976	6593	0	54	0	77806029	64897	5032184	10428	5	9615	4	32
1771612215	643	878	12168	0	254976	6593	0	54	0	77816052	64924	5046649	10453	5	9646	4	32
1771612217	645	878	12168	0	254976	6593	0	54	0	77831524	64965	5060016	10483	5	9676	4	32
1771612219	647	878	12168	0	254976	6593	0	54	0	77831807	64968	5060753	10488	5	9707	4	32
1771612221	649	878	12168	0	254976	6593	0	54	0	78173722	65248	5070655	10523	5	9737	4	32
1771612223	651	878	12168	0	254976	6593	0	54	0	78173868	65250	5070815	10525	5	9767	4	32
1771612225	653	878	12168	0	254976	6593	0	54	0	78175880	65268	5072996	10544	5	9797	4	32
1771612227	655	878	12168	0	254976	6593	0	54	0	78497855	65530	5081944	10575	5	9826	4	32
1771612229	657	878	12168	0	254976	6593	0	54	0	78502429	65559	5089248	10604	5	9855	4	32
1771612231	658	878	12168	0	254976	6593	0	54	0	78772699	65784	5101388	10634	5	9881	4	32
1771612233	661	878	12168	0	254976	6593	0	54	0	78778179	65814	5114078	10667	5	9911	4	32
1771612235	663	878	12168	0	254976	6593	0	54	0	78783536	65851	5123026	10704	5	9940	4	32
1771612237	665	878	12168	0	254976	6593	0	54	0	78816615	65934	5142278	10773	5	9969	4	32
1771612239	667	878	12168	0	254976	6593	0	54	0	79507878	66472	5148668	10803	6	9998	4	32
1771612241	669	878	12168	0	254976	6593	0	54	0	79508999	66481	5152860	10814	6	10026	4	32
1771612243	671	878	12168	0	254976	6593	0	54	0	79509145	66483	5153020	10816	6	10056	4	32
1771612245	673	878	12168	0	254976	6593	0	54	0	79509978	66489	5156944	10824	6	10086	4	32
1771612247	675	878	12168	0	254976	6593	0	54	0	80190713	67024	5166737	10859	6	10116	4	32
1771612249	677	878	12168	0	254976	6593	0	54	0	80191546	67030	5170600	10867	6	10144	4	32
1771612251	679	878	12168	0	254976	6593	0	54	0	80191718	67032	5170796	10869	6	10173	4	32
1771612253	681	878	12168	0	254976	6593	0	54	0	80192036	67036	5171337	10874	6	10204	4	32
1771612255	683	878	12168	0	254976	6593	0	54	0	80651298	67410	5183233	10908	6	10233	4	32
1771612257	685	878	12168	0	254976	6593	0	54	0	80651530	67413	5183661	10912	6	10263	4	32
1771612259	687	878	12168	0	254976	6593	0	54	0	80652393	67419	5187571	10919	6	10293	4	32
1771612261	689	878	12168	0	254976	6593	0	54	0	81490997	68086	5200586	10974	6	10323	4	32
1771612263	691	878	12168	0	254976	6593	0	54	0	81491404	68091	5200976	10978	6	10354	4	32
1771612265	693	878	12168	0	254976	6593	0	54	0	81492451	68097	5202161	10985	6	10385	4	32
1771612267	694	878	12168	0	254976	6593	0	54	0	82733066	69060	5210600	11033	6	10412	4	32
1771612269	696	878	12168	0	254976	6593	0	54	0	82735666	69071	5219178	11049	6	10443	4	32
1771612271	699	878	12168	0	254976	6593	0	54	0	82736454	69077	5222874	11056	6	10473	4	32
1771612273	701	878	12168	0	254976	6593	0	54	0	82738030	69090	5227508	11068	6	10504	4	32
1771612275	703	878	12168	0	254976	6593	0	54	0	83301876	69534	5237058	11100	6	10534	4	32
1771612277	705	878	12168	0	254976	6593	0	54	0	83302828	69541	5241103	11110	6	10564	4	32
1771612279	707	878	12168	0	254976	6593	0	54	0	83857331	69974	5246895	11135	6	10593	4	32
1771612281	709	878	12168	0	254976	6593	0	54	0	83857569	69977	5247177	11138	6	10622	4	32
1771612283	711	878	12168	0	254976	6593	0	54	0	83857887	69981	5247718	11143	6	10653	4	32
1771612285	713	878	12168	0	254976	6593	0	54	0	83857973	69982	5247816	11144	6	10683	4	32
1771612287	715	878	12168	0	254976	6593	0	54	0	83864492	69999	5253883	11156	6	10713	4	32
1771612289	717	878	12168	0	254976	6593	0	54	0	83910848	70110	5285028	11262	6	10743	4	32
1771612291	719	878	12168	0	254976	6593	0	54	0	85199130	71262	5374964	11499	6	10771	4	32
1771612293	721	878	12168	0	254976	6593	0	54	0	85832928	71805	5414979	11660	6	10800	4	32
1771612295	723	878	12168	0	254976	6593	0	54	0	85944109	71946	5440411	11743	6	10829	4	32
1771612297	725	878	12168	0	254976	6593	0	54	0	86490449	72459	5558640	11927	6	10856	4	32
1771612299	727	878	12168	0	254976	6593	0	54	0	86493566	72469	5565026	11941	6	10885	4	32
1771612301	729	878	12168	0	254976	6593	0	54	0	86499564	72486	5603254	11981	6	10915	4	32
1771612303	731	878	12168	0	254976	6593	0	54	0	86502022	72497	5605065	11992	6	10945	4	32
1771612305	733	878	12168	0	254976	6593	0	54	0	86509129	72513	5612084	12005	6	10976	4	32
1771612307	735	878	12168	0	254976	6593	0	54	0	86511064	72523	5617490	12017	6	11005	4	32
1771612309	737	878	12168	0	254976	6593	0	54	0	86511159	72524	5617601	12018	6	11035	4	32
1771612311	739	878	12168	0	254976	6593	0	54	0	86512631	72530	5619369	12024	6	11065	4	32
1771612313	741	878	12168	0	254976	6593	0	54	0	86516227	72542	5626237	12035	6	11095	4	32
1771612315	743	878	12168	0	254976	6593	0	54	0	86518010	72550	5628402	12044	6	11125	4	32
1771612317	744	878	12168	0	254976	6593	0	54	0	86525245	72569	5635340	12059	6	11153	4	32
1771612319	746	878	12168	0	254976	6593	0	54	0	86526424	72577	5637024	12069	6	11182	4	32
1771612321	748	878	12168	0	254976	6593	0	54	0	86526698	72580	5640671	12075	6	11212	4	32
1771612323	751	878	12168	0	254976	6593	0	54	0	86528816	72599	5645033	12095	6	11243	4	32
1771612325	753	878	12168	0	254976	6593	0	54	0	86531238	72612	5649246	12107	6	11273	4	32
1771612327	755	878	12168	0	254976	6593	0	54	0	86532653	72625	5656307	12122	6	11304	4	32
1771612329	757	878	12168	0	254976	6593	0	54	0	86534166	72630	5656588	12125	6	11334	4	32
1771612331	759	878	12168	0	254976	6593	0	54	0	86534516	72635	5657342	12132	6	11364	4	32
1771612333	761	878	12168	0	254976	6593	0	54	0	86534688	72637	5657538	12134	6	11395	4	32
1771612335	763	878	12168	0	254976	6593	0	54	0	86534834	72639	5657698	12136	6	11426	4	32
1771612337	765	878	12168	0	254976	6593	0	54	0	86535544	72644	5661488	12143	6	11456	4	32
1771612339	767	878	12168	0	254976	6593	0	54	0	86542113	72670	5665283	12172	7	11486	4	32
1771612341	769	878	12168	0	254976	6593	0	54	0	86542199	72671	5665381	12173	7	11516	4	32
1771612343	771	878	12168	0	254976	6593	0	54	0	86542466	72674	5665688	12176	7	11545	4	32
1771612345	773	878	12168	0	254976	6593	0	54	0	86574651	72728	5678854	12210	7	11576	4	32
1771612347	775	878	12168	0	254976	6593	0	54	0	86591278	72762	5693951	12240	7	11607	4	32
1771612349	777	878	12168	0	254976	6593	0	54	0	86591964	72770	5695282	12250	7	11637	4	32
1771612351	779	878	12168	0	254976	6593	0	54	0	86593137	72782	5700085	12267	7	11667	4	32
1771612353	781	878	12168	0	254976	6593	0	54	0	86596729	72807	5709367	12292	7	11697	4	32
1771612355	783	878	12168	0	254976	6593	0	54	0	86597576	72814	5710453	12301	7	11727	4	32
1771612357	785	878	12168	0	254976	6593	0	54	0	86598224	72823	5711328	12309	7	11758	4	32
1771612359	787	878	12168	0	254976	6593	0	54	0	86598424	72826	5711488	12311	7	11788	4	32
1771612361	789	878	12168	0	254976	6593	0	54	0	86598510	72827	5711586	12312	7	11819	4	32
1771612363	791	878	12168	0	254976	6593	0	54	0	86598691	72829	5711795	12314	7	11849	4	32
1771612365	793	878	12168	0	254976	6593	0	54	0	86598837	72831	5711955	12316	7	11879	4	32
1771612367	795	878	12168	0	254976	6593	0	54	0	86599655	72837	5715838	12324	7	11910	4	32
1771612369	797	878	12168	0	254976	6593	0	54	0	86599715	72838	5715900	12325	7	11939	4	32
1771612371	799	878	12168	0	254976	6593	0	54	0	86599887	72840	5716096	12327	7	11969	4	32
1771612373	801	878	12168	0	254976	6593	0	54	0	86599973	72841	5716194	12328	7	12000	4	32
1771612375	803	878	12168	0	254976	6593	0	54	0	86600119	72843	5716354	12330	7	12029	4	32
1771612377	805	878	12168	0	254976	6593	0	54	0	86600369	72846	5716656	12333	7	12059	4	32
1771612379	807	878	12168	0	254976	6593	0	54	0	86607377	72868	5723337	12351	7	12089	4	32
1771612381	809	878	12168	0	254976	6593	0	54	0	86609173	72874	5726716	12358	7	12118	4	32
1771612383	811	878	12168	0	254976	6593	0	54	0	86616040	72904	5739228	12397	7	12149	4	32
1771612385	813	878	12168	0	254976	6593	0	54	0	86647316	72983	5752043	12465	7	12179	4	32
1771612387	815	878	12168	0	254976	6593	0	54	0	86648155	72989	5752683	12471	7	12209	4	32
1771612389	816	878	12168	0	254976	6593	0	54	0	86648215	72990	5752745	12472	7	12236	4	32
1771612391	819	878	12168	0	254976	6593	0	54	0	86648464	72993	5753149	12476	7	12266	4	32
1771612393	821	878	12168	0	254976	6593	0	54	0	86649983	73005	5757205	12484	7	12295	4	32
1771612395	823	878	12168	0	254976	6593	0	54	0	86650129	73007	5757365	12486	7	12325	4	32
1771612397	825	878	12168	0	254976	6593	0	54	0	86650551	73011	5757974	12490	7	12355	4	32
1771612399	827	878	12168	0	254976	6593	0	54	0	86651526	73019	5762075	12500	7	12385	4	32
1771612401	829	878	12168	0	254976	6593	0	54	0	86651698	73021	5762271	12502	7	12416	4	32
1771612403	831	878	12168	0	254976	6593	0	54	0	86774634	73152	5787418	12556	7	12446	4	32
1771612405	833	878	12168	0	254976	6593	0	54	0	86911308	73337	5827470	12645	7	12475	4	32
1771612407	835	878	12168	0	254976	6593	0	54	0	86912181	73346	5828863	12657	7	12505	4	32
1771612409	837	878	12168	0	254976	6593	0	54	0	87424155	73787	5853412	12734	7	12535	4	32
1771612411	839	878	12168	0	254976	6593	0	54	0	88027706	74277	5879079	12787	7	12564	4	32
1771612413	841	878	12168	0	254976	6593	0	54	0	88029737	74295	5887205	12808	7	12593	4	32
1771612415	843	878	12168	0	254976	6593	0	54	0	88505782	74678	5894630	12843	7	12622	4	32
1771612417	844	878	12168	0	254976	6593	0	54	0	88505954	74680	5894826	12845	7	12650	4	32
1771612419	847	878	12168	0	254976	6593	0	54	0	89128168	75168	5904210	12874	7	12680	4	32
1771612421	849	878	12168	0	254976	6593	0	54	0	89129700	75180	5911553	12887	7	12710	4	32
1771612423	851	878	12168	0	254976	6593	0	54	0	89774890	75683	5918389	12920	7	12741	4	32
1771612425	853	878	12168	0	254976	6593	0	54	0	89775036	75685	5918549	12922	7	12770	4	32
1771612427	855	878	12168	0	254976	6593	0	54	0	89781385	75699	5924233	12930	7	12800	4	32
1771612429	857	878	12168	0	254976	6593	0	54	0	89782295	75704	5927982	12937	7	12829	4	32
1771612431	859	878	12168	0	254976	6593	0	54	0	90597449	76345	5938807	12978	7	12858	4	32
1771612433	861	878	12168	0	254976	6593	0	54	0	90597535	76346	5938905	12979	7	12889	4	32
1771612435	863	878	12168	0	254976	6593	0	54	0	90597681	76348	5939065	12981	8	12919	4	32
1771612437	865	878	12168	0	254976	6593	0	54	0	90601708	76369	5945738	13005	8	12950	4	32
1771612439	867	878	12168	0	254976	6593	0	54	0	91602911	77182	5966166	13093	8	12979	4	32
1771612441	869	878	12168	0	254976	6593	0	54	0	91692456	77277	5979856	13149	8	13010	4	32
1771612443	871	878	12168	0	254976	6593	0	54	0	91709437	77320	5991645	13188	8	13039	4	32
1771612445	873	878	12168	0	254976	6593	0	54	0	92489962	77935	6002590	13232	8	13070	4	32
1771612447	875	878	12168	0	254976	6593	0	54	0	92490212	77938	6002892	13235	8	13100	4	32
1771612449	877	878	12168	0	254976	6593	0	54	0	92490497	77940	6003068	13237	8	13131	4	32
1771612451	878	878	12168	0	254976	6593	0	54	0	93411691	78659	6013741	13277	8	13159	4	32
1771612453	881	878	12168	0	254976	6593	0	54	0	93411777	78660	6013839	13278	8	13188	4	32
1771612455	883	878	12168	0	254976	6593	0	54	0	93412028	78663	6019901	13286	8	13218	4	32
1771612457	885	878	12168	0	254976	6593	0	54	0	94091996	79196	6030357	13324	8	13249	4	32
1771612459	887	878	12168	0	254976	6593	0	54	0	94092559	79200	6033992	13330	8	13278	4	32
1771612461	889	878	12168	0	254976	6593	0	54	0	94768326	79729	6044325	13367	8	13309	4	32
1771612463	891	878	12168	0	254976	6593	0	54	0	94769177	79737	6045815	13379	8	13340	4	32
1771612465	893	878	12168	0	254976	6593	0	54	0	94769418	79740	6046086	13382	8	13370	4	32
1771612467	895	878	12168	0	254976	6593	0	54	0	95381186	80223	6053443	13419	8	13401	4	32
1771612469	897	878	12168	0	254976	6593	0	54	0	95387825	80239	6059517	13428	8	13431	4	32
1771612471	899	878	12168	0	254976	6593	0	54	0	96119944	80812	6069620	13463	8	13460	4	32
